ID	Out101	Out102	Out103	On101	On102	On103	In101	In102	In103
OTU_444	2.0	4.0	9.0	4.0	3.0	6.0	4.0	2.0	1.0
OTU_144	34.0	27.0	38.0	50.0	58.0	38.0	25.0	33.0	68.0
OTU_194	0.0	0.0	0.0	1.0	1.0	0.0	11.0	12.0	21.0
OTU_60	107.0	27.0	133.0	109.0	97.0	68.0	24.0	56.0	69.0
OTU_284	11.0	6.0	29.0	11.0	18.0	15.0	7.0	13.0	13.0
OTU_28	277.0	75.0	366.0	242.0	245.0	119.0	90.0	97.0	130.0
OTU_55	40.0	27.0	44.0	40.0	42.0	54.0	43.0	51.0	66.0
OTU_17	67.0	39.0	76.0	83.0	88.0	90.0	87.0	80.0	100.0
OTU_9	229.0	59.0	296.0	188.0	211.0	106.0	47.0	65.0	117.0
OTU_20	98.0	60.0	99.0	67.0	59.0	47.0	57.0	80.0	95.0
OTU_56	80.0	26.0	130.0	58.0	62.0	39.0	33.0	39.0	38.0
OTU_2	703.0	538.0	813.0	404.0	495.0	399.0	314.0	552.0	676.0
OTU_1	963.0	700.0	1278.0	599.0	678.0	552.0	492.0	830.0	970.0
OTU_18	87.0	51.0	118.0	78.0	91.0	83.0	62.0	92.0	107.0
OTU_34	52.0	46.0	43.0	39.0	38.0	33.0	29.0	42.0	58.0
OTU_26	75.0	48.0	112.0	72.0	87.0	65.0	46.0	76.0	90.0
OTU_535	4.0	5.0	4.0	2.0	3.0	6.0	3.0	3.0	9.0
OTU_31	104.0	69.0	89.0	57.0	74.0	69.0	64.0	104.0	115.0
OTU_13	14.0	16.0	21.0	242.0	321.0	198.0	94.0	167.0	259.0
OTU_51	107.0	67.0	141.0	117.0	193.0	159.0	83.0	107.0	176.0
OTU_5	639.0	135.0	749.0	503.0	539.0	237.0	104.0	131.0	262.0
OTU_130	1.0	1.0	1.0	31.0	21.0	12.0	3.0	7.0	10.0
OTU_116	52.0	75.0	80.0	61.0	79.0	58.0	54.0	94.0	131.0
OTU_25	67.0	69.0	84.0	94.0	108.0	89.0	62.0	144.0	159.0
OTU_1273	16.0	16.0	24.0	9.0	17.0	16.0	16.0	17.0	24.0
OTU_3	431.0	317.0	489.0	254.0	324.0	245.0	204.0	349.0	428.0
OTU_50	50.0	41.0	64.0	57.0	58.0	58.0	43.0	40.0	76.0
OTU_440	5.0	1.0	9.0	11.0	10.0	7.0	3.0	4.0	5.0
OTU_416	9.0	5.0	19.0	10.0	12.0	9.0	4.0	8.0	11.0
OTU_94	34.0	33.0	36.0	25.0	48.0	34.0	24.0	43.0	41.0
OTU_211	11.0	19.0	14.0	16.0	13.0	13.0	13.0	21.0	21.0
OTU_246	69.0	57.0	80.0	132.0	153.0	134.0	61.0	81.0	114.0
OTU_4	123.0	96.0	124.0	136.0	195.0	143.0	156.0	253.0	367.0
OTU_110	29.0	17.0	67.0	38.0	46.0	39.0	18.0	33.0	52.0
OTU_946	2.0	1.0	3.0	3.0	4.0	3.0	1.0	3.0	4.0
OTU_52	75.0	57.0	108.0	105.0	108.0	100.0	46.0	83.0	136.0
OTU_11	224.0	177.0	214.0	165.0	238.0	196.0	145.0	206.0	262.0
OTU_98	50.0	28.0	91.0	60.0	73.0	39.0	21.0	21.0	35.0
OTU_158	179.0	124.0	157.0	113.0	201.0	139.0	92.0	156.0	259.0
OTU_588	5.0	6.0	18.0	13.0	5.0	7.0	7.0	4.0	18.0
OTU_45	154.0	76.0	212.0	201.0	177.0	183.0	72.0	104.0	94.0
OTU_118	28.0	19.0	25.0	25.0	21.0	28.0	21.0	22.0	47.0
OTU_413	1.0	6.0	7.0	5.0	3.0	1.0	8.0	8.0	6.0
OTU_99	18.0	9.0	13.0	9.0	21.0	16.0	16.0	25.0	55.0
OTU_21	186.0	120.0	275.0	139.0	140.0	153.0	85.0	177.0	146.0
OTU_459	8.0	2.0	8.0	5.0	6.0	5.0	6.0	7.0	10.0
OTU_278	6.0	6.0	4.0	6.0	11.0	4.0	3.0	10.0	11.0
OTU_6	525.0	444.0	698.0	321.0	417.0	338.0	309.0	520.0	663.0
OTU_187	24.0	18.0	28.0	29.0	42.0	35.0	23.0	18.0	23.0
OTU_980	2.0	0.0	4.0	2.0	6.0	2.0	2.0	1.0	2.0
OTU_178	37.0	21.0	44.0	35.0	40.0	27.0	14.0	31.0	36.0
OTU_336	7.0	2.0	10.0	7.0	2.0	5.0	6.0	4.0	19.0
OTU_899	11.0	11.0	24.0	19.0	18.0	13.0	8.0	10.0	14.0
OTU_30	44.0	36.0	61.0	49.0	49.0	50.0	43.0	49.0	90.0
OTU_432	11.0	10.0	14.0	7.0	12.0	7.0	15.0	5.0	18.0
OTU_189	38.0	30.0	42.0	37.0	77.0	32.0	34.0	59.0	77.0
OTU_146	19.0	20.0	25.0	23.0	20.0	12.0	22.0	26.0	20.0
OTU_508	4.0	1.0	3.0	5.0	3.0	6.0	3.0	4.0	4.0
OTU_148	23.0	16.0	37.0	22.0	22.0	26.0	20.0	30.0	38.0
OTU_568	15.0	8.0	15.0	8.0	17.0	12.0	13.0	15.0	27.0
OTU_1358	0.0	0.0	2.0	1.0	0.0	0.0	1.0	0.0	0.0
OTU_8	75.0	56.0	96.0	76.0	100.0	84.0	73.0	98.0	160.0
OTU_1485	3.0	1.0	1.0	1.0	6.0	1.0	3.0	1.0	3.0
OTU_107	50.0	42.0	51.0	38.0	39.0	54.0	33.0	41.0	45.0
OTU_119	23.0	14.0	17.0	20.0	31.0	14.0	25.0	30.0	41.0
OTU_371	8.0	3.0	24.0	17.0	10.0	18.0	10.0	11.0	21.0
OTU_10	211.0	171.0	322.0	275.0	341.0	314.0	117.0	243.0	163.0
OTU_1178	1.0	1.0	0.0	0.0	3.0	3.0	1.0	0.0	1.0
OTU_550	1.0	4.0	7.0	7.0	6.0	4.0	14.0	6.0	9.0
OTU_438	6.0	4.0	7.0	1.0	8.0	6.0	4.0	2.0	6.0
OTU_153	37.0	22.0	42.0	24.0	31.0	28.0	23.0	37.0	47.0
OTU_68	47.0	35.0	30.0	18.0	40.0	18.0	28.0	55.0	81.0
OTU_32	54.0	30.0	73.0	37.0	62.0	37.0	30.0	58.0	80.0
OTU_992	84.0	67.0	78.0	50.0	55.0	57.0	44.0	68.0	81.0
OTU_48	86.0	61.0	129.0	98.0	98.0	89.0	74.0	129.0	213.0
OTU_12	350.0	95.0	414.0	308.0	316.0	171.0	97.0	121.0	136.0
OTU_680	6.0	12.0	14.0	4.0	7.0	6.0	15.0	20.0	12.0
OTU_140	17.0	6.0	25.0	14.0	22.0	12.0	26.0	14.0	30.0
OTU_1721	6.0	0.0	0.0	4.0	2.0	5.0	1.0	5.0	3.0
OTU_70	23.0	19.0	30.0	23.0	31.0	16.0	24.0	24.0	29.0
OTU_16	69.0	42.0	88.0	55.0	77.0	61.0	56.0	85.0	106.0
OTU_46	32.0	32.0	42.0	31.0	60.0	34.0	37.0	38.0	52.0
OTU_91	56.0	33.0	81.0	44.0	62.0	48.0	30.0	34.0	35.0
OTU_452	18.0	20.0	22.0	10.0	22.0	11.0	13.0	25.0	42.0
OTU_200	23.0	15.0	28.0	10.0	12.0	13.0	12.0	15.0	26.0
OTU_15	220.0	159.0	260.0	126.0	170.0	146.0	121.0	179.0	231.0
OTU_66	38.0	25.0	41.0	24.0	36.0	37.0	33.0	34.0	60.0
OTU_35	126.0	111.0	132.0	124.0	150.0	108.0	91.0	118.0	170.0
OTU_162	39.0	25.0	34.0	33.0	51.0	33.0	18.0	42.0	29.0
OTU_109	22.0	21.0	32.0	57.0	84.0	47.0	40.0	42.0	47.0
OTU_209	9.0	5.0	10.0	18.0	27.0	12.0	6.0	17.0	11.0
OTU_887	8.0	1.0	6.0	9.0	5.0	9.0	8.0	6.0	4.0
OTU_149	81.0	52.0	81.0	63.0	81.0	72.0	60.0	75.0	121.0
OTU_201	1.0	0.0	0.0	0.0	0.0	1.0	12.0	6.0	22.0
OTU_164	29.0	16.0	41.0	21.0	29.0	18.0	22.0	24.0	41.0
OTU_154	29.0	15.0	31.0	12.0	19.0	17.0	21.0	27.0	47.0
OTU_92	172.0	39.0	201.0	130.0	172.0	83.0	30.0	38.0	79.0
OTU_85	45.0	36.0	55.0	40.0	74.0	54.0	27.0	39.0	70.0
OTU_100	22.0	21.0	37.0	24.0	35.0	27.0	19.0	36.0	53.0
OTU_797	6.0	0.0	3.0	7.0	2.0	5.0	2.0	3.0	2.0
OTU_87	9.0	12.0	17.0	50.0	57.0	49.0	14.0	27.0	43.0
OTU_166	126.0	84.0	106.0	103.0	134.0	110.0	83.0	106.0	110.0
OTU_1371	5.0	4.0	5.0	3.0	6.0	7.0	2.0	8.0	11.0
OTU_1328	40.0	12.0	62.0	32.0	32.0	18.0	14.0	10.0	12.0
OTU_150	13.0	3.0	14.0	11.0	19.0	16.0	16.0	25.0	21.0
OTU_668	1.0	0.0	2.0	0.0	1.0	1.0	2.0	2.0	2.0
OTU_123	90.0	69.0	107.0	79.0	92.0	89.0	78.0	85.0	185.0
OTU_230	32.0	35.0	35.0	34.0	43.0	17.0	35.0	31.0	64.0
OTU_217	2.0	4.0	7.0	8.0	10.0	6.0	8.0	9.0	9.0
OTU_503	3.0	4.0	9.0	2.0	2.0	2.0	3.0	6.0	0.0
OTU_129	12.0	7.0	22.0	8.0	12.0	8.0	4.0	12.0	8.0
OTU_394	17.0	15.0	35.0	16.0	25.0	36.0	14.0	17.0	25.0
OTU_84	42.0	26.0	34.0	30.0	49.0	35.0	23.0	35.0	47.0
OTU_346	4.0	2.0	8.0	10.0	17.0	8.0	8.0	13.0	30.0
OTU_47	23.0	16.0	42.0	45.0	38.0	39.0	24.0	24.0	22.0
OTU_1225	0.0	0.0	1.0	1.0	1.0	0.0	1.0	1.0	1.0
OTU_62	15.0	19.0	15.0	23.0	32.0	28.0	19.0	27.0	33.0
OTU_1584	7.0	5.0	8.0	7.0	19.0	10.0	8.0	21.0	19.0
OTU_318	18.0	20.0	22.0	18.0	32.0	14.0	20.0	24.0	36.0
OTU_113	13.0	16.0	34.0	13.0	26.0	26.0	18.0	15.0	36.0
OTU_863	53.0	43.0	88.0	48.0	51.0	55.0	51.0	51.0	104.0
OTU_1027	12.0	7.0	19.0	16.0	20.0	10.0	9.0	13.0	12.0
OTU_367	5.0	2.0	7.0	7.0	15.0	8.0	5.0	6.0	7.0
OTU_806	9.0	10.0	20.0	10.0	15.0	12.0	12.0	14.0	24.0
OTU_147	0.0	0.0	1.0	17.0	17.0	6.0	5.0	7.0	11.0
OTU_407	7.0	4.0	11.0	4.0	16.0	13.0	10.0	15.0	12.0
OTU_29	44.0	37.0	51.0	30.0	46.0	34.0	42.0	50.0	52.0
OTU_229	14.0	7.0	3.0	3.0	7.0	5.0	8.0	5.0	8.0
OTU_392	12.0	7.0	22.0	14.0	20.0	10.0	6.0	6.0	9.0
OTU_86	39.0	32.0	36.0	37.0	63.0	24.0	33.0	36.0	45.0
OTU_892	0.0	1.0	1.0	2.0	3.0	0.0	3.0	0.0	2.0
OTU_163	11.0	3.0	24.0	16.0	18.0	5.0	9.0	7.0	10.0
OTU_101	22.0	22.0	27.0	32.0	42.0	26.0	21.0	30.0	28.0
OTU_14	263.0	182.0	297.0	177.0	223.0	184.0	130.0	242.0	344.0
OTU_712	4.0	10.0	7.0	8.0	8.0	0.0	9.0	10.0	12.0
OTU_81	10.0	7.0	10.0	24.0	32.0	34.0	11.0	12.0	21.0
OTU_349	7.0	7.0	13.0	11.0	13.0	10.0	9.0	7.0	13.0
OTU_1713	0.0	1.0	0.0	0.0	0.0	1.0	1.0	1.0	2.0
OTU_1088	7.0	2.0	2.0	1.0	7.0	2.0	2.0	3.0	2.0
OTU_124	17.0	15.0	17.0	9.0	16.0	5.0	6.0	15.0	7.0
OTU_38	68.0	13.0	70.0	58.0	51.0	36.0	28.0	18.0	39.0
OTU_143	10.0	5.0	16.0	19.0	23.0	6.0	13.0	6.0	5.0
OTU_1024	3.0	4.0	5.0	3.0	1.0	1.0	3.0	2.0	1.0
OTU_1383	1.0	0.0	1.0	1.0	0.0	1.0	1.0	0.0	1.0
OTU_453	4.0	5.0	5.0	7.0	7.0	2.0	6.0	4.0	5.0
OTU_41	159.0	115.0	177.0	208.0	285.0	203.0	77.0	160.0	176.0
OTU_526	0.0	1.0	0.0	0.0	2.0	7.0	1.0	2.0	1.0
OTU_63	21.0	12.0	26.0	31.0	36.0	33.0	17.0	33.0	46.0
OTU_768	0.0	0.0	1.0	13.0	10.0	3.0	3.0	8.0	6.0
OTU_391	1.0	0.0	3.0	0.0	2.0	2.0	3.0	3.0	6.0
OTU_49	15.0	25.0	31.0	21.0	51.0	30.0	26.0	34.0	67.0
OTU_660	4.0	0.0	2.0	2.0	2.0	2.0	3.0	1.0	2.0
OTU_1744	4.0	2.0	5.0	3.0	2.0	3.0	1.0	0.0	6.0
OTU_165	10.0	10.0	18.0	24.0	21.0	17.0	19.0	19.0	14.0
OTU_334	3.0	10.0	4.0	3.0	5.0	1.0	8.0	4.0	7.0
OTU_599	15.0	15.0	13.0	18.0	21.0	23.0	19.0	16.0	16.0
OTU_897	1.0	3.0	2.0	5.0	2.0	0.0	3.0	1.0	2.0
OTU_1195	19.0	18.0	20.0	10.0	20.0	12.0	17.0	21.0	23.0
OTU_102	37.0	21.0	36.0	31.0	32.0	31.0	19.0	29.0	36.0
OTU_67	81.0	66.0	63.0	109.0	161.0	112.0	50.0	79.0	95.0
OTU_37	69.0	43.0	79.0	44.0	73.0	71.0	44.0	81.0	110.0
OTU_270	8.0	7.0	13.0	15.0	19.0	20.0	15.0	13.0	16.0
OTU_370	6.0	7.0	3.0	7.0	3.0	3.0	8.0	7.0	8.0
OTU_469	4.0	1.0	1.0	4.0	4.0	5.0	6.0	4.0	11.0
OTU_313	9.0	15.0	17.0	13.0	21.0	14.0	12.0	16.0	22.0
OTU_775	0.0	1.0	1.0	5.0	3.0	1.0	2.0	1.0	1.0
OTU_557	3.0	4.0	0.0	0.0	2.0	0.0	2.0	1.0	2.0
OTU_1664	0.0	0.0	0.0	0.0	0.0	2.0	3.0	1.0	1.0
OTU_919	7.0	2.0	2.0	4.0	4.0	2.0	2.0	2.0	8.0
OTU_544	22.0	8.0	18.0	13.0	17.0	13.0	5.0	12.0	10.0
OTU_74	20.0	9.0	19.0	12.0	22.0	20.0	15.0	18.0	15.0
OTU_83	24.0	28.0	45.0	41.0	59.0	46.0	29.0	48.0	88.0
OTU_414	8.0	3.0	10.0	7.0	6.0	4.0	6.0	6.0	5.0
OTU_133	16.0	11.0	44.0	9.0	10.0	24.0	9.0	13.0	13.0
OTU_184	23.0	24.0	33.0	31.0	34.0	24.0	21.0	31.0	48.0
OTU_337	1.0	10.0	6.0	1.0	1.0	2.0	7.0	0.0	6.0
OTU_22	105.0	33.0	143.0	110.0	129.0	44.0	30.0	30.0	68.0
OTU_328	5.0	6.0	6.0	8.0	19.0	11.0	4.0	3.0	9.0
OTU_385	13.0	11.0	13.0	7.0	10.0	8.0	14.0	19.0	17.0
OTU_197	14.0	15.0	19.0	24.0	23.0	12.0	9.0	26.0	36.0
OTU_244	7.0	11.0	17.0	11.0	19.0	16.0	14.0	17.0	25.0
OTU_400	4.0	3.0	7.0	5.0	6.0	2.0	2.0	0.0	4.0
OTU_1662	0.0	1.0	2.0	2.0	2.0	1.0	4.0	3.0	4.0
OTU_505	5.0	1.0	3.0	2.0	5.0	5.0	3.0	5.0	3.0
OTU_920	4.0	1.0	9.0	1.0	10.0	2.0	1.0	2.0	2.0
OTU_65	11.0	16.0	35.0	17.0	19.0	18.0	15.0	20.0	33.0
OTU_175	23.0	8.0	42.0	28.0	31.0	20.0	18.0	23.0	10.0
OTU_317	5.0	4.0	12.0	6.0	9.0	12.0	11.0	10.0	12.0
OTU_161	46.0	45.0	73.0	56.0	59.0	40.0	46.0	84.0	94.0
OTU_39	47.0	48.0	61.0	52.0	45.0	42.0	46.0	37.0	62.0
OTU_1007	2.0	0.0	2.0	1.0	2.0	0.0	2.0	0.0	3.0
OTU_280	1.0	0.0	2.0	2.0	1.0	0.0	6.0	9.0	10.0
OTU_234	24.0	11.0	40.0	37.0	33.0	15.0	8.0	7.0	16.0
OTU_606	18.0	6.0	15.0	8.0	18.0	2.0	13.0	2.0	16.0
OTU_1106	1.0	2.0	1.0	1.0	1.0	1.0	2.0	0.0	2.0
OTU_69	25.0	26.0	24.0	24.0	39.0	25.0	17.0	35.0	38.0
OTU_1164	1.0	1.0	1.0	1.0	2.0	3.0	1.0	1.0	1.0
OTU_442	6.0	2.0	5.0	1.0	2.0	2.0	2.0	1.0	3.0
OTU_429	16.0	18.0	30.0	25.0	31.0	12.0	14.0	25.0	39.0
OTU_722	13.0	13.0	21.0	14.0	12.0	6.0	8.0	10.0	18.0
OTU_89	18.0	12.0	33.0	14.0	15.0	18.0	16.0	22.0	33.0
OTU_227	6.0	0.0	7.0	11.0	17.0	2.0	6.0	7.0	6.0
OTU_135	48.0	7.0	48.0	34.0	36.0	19.0	17.0	12.0	18.0
OTU_183	37.0	17.0	75.0	36.0	36.0	58.0	26.0	29.0	30.0
OTU_23	134.0	63.0	126.0	71.0	85.0	76.0	62.0	87.0	139.0
OTU_125	16.0	20.0	21.0	22.0	24.0	24.0	9.0	25.0	20.0
OTU_42	33.0	26.0	46.0	35.0	51.0	45.0	23.0	37.0	37.0
OTU_1037	10.0	4.0	11.0	4.0	4.0	2.0	7.0	5.0	9.0
OTU_590	6.0	3.0	3.0	4.0	3.0	1.0	1.0	2.0	6.0
OTU_1278	1.0	1.0	0.0	1.0	0.0	0.0	4.0	1.0	1.0
OTU_204	19.0	8.0	17.0	9.0	12.0	15.0	8.0	13.0	23.0
OTU_329	17.0	17.0	21.0	18.0	27.0	23.0	8.0	20.0	17.0
OTU_567	5.0	1.0	1.0	1.0	1.0	4.0	3.0	10.0	4.0
OTU_580	7.0	7.0	6.0	6.0	8.0	8.0	3.0	7.0	14.0
OTU_291	0.0	4.0	6.0	4.0	3.0	3.0	7.0	1.0	9.0
OTU_569	1.0	1.0	0.0	4.0	2.0	6.0	2.0	1.0	1.0
OTU_700	5.0	5.0	6.0	2.0	4.0	1.0	3.0	5.0	6.0
OTU_40	51.0	21.0	49.0	26.0	26.0	24.0	35.0	37.0	43.0
OTU_684	4.0	3.0	12.0	6.0	5.0	9.0	2.0	3.0	8.0
OTU_733	2.0	0.0	0.0	0.0	2.0	0.0	2.0	2.0	4.0
OTU_761	3.0	3.0	6.0	1.0	2.0	2.0	3.0	3.0	1.0
OTU_105	11.0	18.0	20.0	19.0	26.0	13.0	18.0	19.0	27.0
OTU_106	48.0	41.0	73.0	52.0	71.0	49.0	26.0	30.0	61.0
OTU_1624	1.0	0.0	7.0	5.0	1.0	1.0	3.0	1.0	2.0
OTU_77	43.0	42.0	106.0	54.0	74.0	46.0	43.0	28.0	99.0
OTU_7	203.0	159.0	227.0	160.0	211.0	156.0	141.0	204.0	283.0
OTU_1268	0.0	0.0	0.0	2.0	3.0	0.0	4.0	1.0	1.0
OTU_115	15.0	8.0	22.0	18.0	13.0	10.0	8.0	13.0	26.0
OTU_316	15.0	12.0	17.0	17.0	23.0	13.0	11.0	8.0	28.0
OTU_54	37.0	50.0	53.0	34.0	55.0	43.0	22.0	48.0	39.0
OTU_221	18.0	12.0	34.0	23.0	36.0	34.0	30.0	23.0	54.0
OTU_82	81.0	49.0	76.0	62.0	60.0	34.0	47.0	73.0	95.0
OTU_618	1.0	2.0	2.0	16.0	14.0	9.0	5.0	3.0	10.0
OTU_90	10.0	20.0	28.0	43.0	52.0	26.0	9.0	16.0	16.0
OTU_1220	5.0	0.0	1.0	5.0	2.0	1.0	2.0	1.0	0.0
OTU_576	1.0	1.0	3.0	1.0	1.0	2.0	1.0	1.0	4.0
OTU_24	43.0	29.0	60.0	38.0	53.0	42.0	29.0	53.0	82.0
OTU_198	16.0	19.0	33.0	16.0	20.0	19.0	16.0	22.0	17.0
OTU_715	8.0	6.0	18.0	10.0	11.0	8.0	3.0	8.0	11.0
OTU_952	3.0	1.0	2.0	1.0	4.0	0.0	1.0	1.0	1.0
OTU_145	14.0	10.0	20.0	35.0	47.0	37.0	19.0	27.0	33.0
OTU_322	10.0	10.0	6.0	3.0	3.0	2.0	5.0	6.0	8.0
OTU_19	49.0	31.0	54.0	94.0	128.0	103.0	39.0	71.0	136.0
OTU_33	78.0	71.0	126.0	73.0	92.0	46.0	61.0	70.0	124.0
OTU_203	16.0	8.0	17.0	28.0	34.0	19.0	16.0	18.0	29.0
OTU_1130	2.0	6.0	3.0	3.0	6.0	8.0	5.0	4.0	7.0
OTU_36	53.0	32.0	54.0	53.0	61.0	54.0	27.0	50.0	25.0
OTU_43	87.0	28.0	132.0	51.0	61.0	19.0	30.0	26.0	35.0
OTU_1263	0.0	1.0	0.0	2.0	0.0	1.0	2.0	3.0	5.0
OTU_646	11.0	2.0	7.0	8.0	6.0	11.0	13.0	10.0	7.0
OTU_559	3.0	0.0	0.0	2.0	6.0	2.0	5.0	6.0	2.0
OTU_61	30.0	22.0	39.0	18.0	25.0	21.0	17.0	23.0	32.0
OTU_75	22.0	14.0	20.0	28.0	44.0	19.0	18.0	29.0	27.0
OTU_76	27.0	32.0	41.0	15.0	25.0	18.0	16.0	25.0	30.0
OTU_830	0.0	2.0	4.0	1.0	1.0	1.0	1.0	0.0	0.0
OTU_1284	1.0	0.0	1.0	1.0	0.0	0.0	2.0	0.0	0.0
OTU_381	6.0	2.0	3.0	6.0	3.0	3.0	6.0	4.0	6.0
OTU_142	22.0	8.0	24.0	26.0	37.0	28.0	22.0	25.0	41.0
OTU_128	67.0	30.0	89.0	49.0	60.0	30.0	20.0	23.0	23.0
OTU_1048	1.0	0.0	0.0	0.0	2.0	2.0	3.0	3.0	6.0
OTU_208	7.0	5.0	10.0	6.0	3.0	3.0	5.0	1.0	7.0
OTU_182	17.0	6.0	18.0	19.0	24.0	21.0	11.0	13.0	14.0
OTU_641	11.0	2.0	5.0	9.0	14.0	9.0	5.0	4.0	8.0
OTU_1013	2.0	0.0	2.0	1.0	1.0	0.0	1.0	0.0	2.0
OTU_239	12.0	7.0	9.0	8.0	10.0	7.0	11.0	10.0	14.0
OTU_515	4.0	2.0	2.0	4.0	0.0	4.0	2.0	5.0	3.0
OTU_637	5.0	8.0	7.0	8.0	6.0	7.0	6.0	5.0	5.0
OTU_679	3.0	2.0	2.0	1.0	7.0	2.0	3.0	8.0	2.0
OTU_528	9.0	2.0	11.0	9.0	15.0	10.0	8.0	7.0	30.0
OTU_327	8.0	3.0	7.0	9.0	8.0	7.0	2.0	2.0	8.0
OTU_1158	0.0	0.0	2.0	3.0	0.0	2.0	3.0	1.0	2.0
OTU_810	21.0	18.0	24.0	17.0	23.0	24.0	15.0	17.0	12.0
OTU_180	16.0	15.0	24.0	14.0	20.0	21.0	16.0	19.0	36.0
OTU_676	2.0	3.0	1.0	2.0	1.0	3.0	2.0	2.0	1.0
OTU_485	9.0	5.0	15.0	12.0	10.0	9.0	5.0	4.0	8.0
OTU_139	15.0	10.0	18.0	15.0	15.0	12.0	8.0	30.0	27.0
OTU_728	6.0	1.0	3.0	2.0	3.0	1.0	4.0	6.0	3.0
OTU_545	13.0	5.0	8.0	11.0	11.0	9.0	3.0	8.0	10.0
OTU_431	2.0	5.0	6.0	6.0	4.0	3.0	3.0	4.0	10.0
OTU_1266	7.0	4.0	11.0	8.0	3.0	6.0	3.0	3.0	11.0
OTU_388	3.0	3.0	4.0	1.0	1.0	4.0	4.0	5.0	8.0
OTU_473	6.0	4.0	9.0	5.0	11.0	8.0	3.0	1.0	3.0
OTU_159	12.0	5.0	30.0	21.0	30.0	13.0	10.0	6.0	9.0
OTU_1484	5.0	3.0	3.0	3.0	3.0	5.0	2.0	3.0	3.0
OTU_240	9.0	5.0	8.0	3.0	2.0	4.0	5.0	5.0	8.0
OTU_707	3.0	2.0	2.0	1.0	2.0	1.0	1.0	10.0	5.0
OTU_213	8.0	11.0	7.0	16.0	22.0	13.0	15.0	10.0	17.0
OTU_44	48.0	37.0	46.0	23.0	37.0	38.0	23.0	51.0	60.0
OTU_80	34.0	31.0	56.0	25.0	18.0	24.0	25.0	35.0	31.0
OTU_295	2.0	1.0	4.0	2.0	5.0	5.0	2.0	5.0	5.0
OTU_1250	4.0	0.0	3.0	1.0	3.0	2.0	2.0	0.0	0.0
OTU_275	2.0	4.0	0.0	9.0	7.0	5.0	5.0	6.0	6.0
OTU_152	109.0	41.0	167.0	49.0	78.0	46.0	34.0	46.0	57.0
OTU_455	1.0	1.0	5.0	1.0	1.0	0.0	2.0	0.0	10.0
OTU_664	2.0	1.0	3.0	4.0	2.0	8.0	2.0	3.0	5.0
OTU_517	7.0	6.0	6.0	6.0	10.0	5.0	6.0	4.0	5.0
OTU_936	0.0	0.0	3.0	1.0	1.0	2.0	1.0	0.0	1.0
OTU_410	10.0	4.0	11.0	9.0	5.0	3.0	5.0	9.0	5.0
OTU_104	5.0	7.0	17.0	4.0	8.0	11.0	12.0	10.0	12.0
OTU_136	23.0	19.0	39.0	27.0	26.0	21.0	13.0	28.0	49.0
OTU_713	3.0	4.0	1.0	3.0	8.0	7.0	6.0	3.0	10.0
OTU_1009	1.0	3.0	1.0	4.0	5.0	0.0	2.0	4.0	4.0
OTU_594	5.0	2.0	3.0	1.0	4.0	1.0	2.0	3.0	4.0
OTU_206	19.0	20.0	30.0	33.0	40.0	26.0	14.0	33.0	43.0
OTU_832	9.0	8.0	10.0	11.0	9.0	5.0	5.0	6.0	16.0
OTU_255	4.0	5.0	3.0	3.0	4.0	5.0	4.0	9.0	5.0
OTU_999	2.0	2.0	5.0	2.0	11.0	10.0	1.0	3.0	4.0
OTU_207	15.0	16.0	23.0	14.0	21.0	16.0	10.0	12.0	19.0
OTU_1507	6.0	1.0	3.0	4.0	1.0	0.0	3.0	4.0	3.0
OTU_131	23.0	22.0	36.0	22.0	30.0	27.0	15.0	27.0	13.0
OTU_258	14.0	19.0	15.0	16.0	12.0	11.0	10.0	15.0	17.0
OTU_1067	4.0	2.0	7.0	4.0	9.0	3.0	10.0	10.0	13.0
OTU_199	22.0	13.0	30.0	16.0	9.0	10.0	18.0	21.0	41.0
OTU_1034	2.0	5.0	5.0	3.0	6.0	2.0	4.0	7.0	13.0
OTU_883	6.0	5.0	8.0	9.0	6.0	7.0	5.0	7.0	11.0
OTU_1094	3.0	2.0	4.0	1.0	3.0	0.0	4.0	3.0	0.0
OTU_196	27.0	20.0	26.0	34.0	44.0	30.0	26.0	27.0	22.0
OTU_504	8.0	1.0	8.0	2.0	3.0	4.0	4.0	3.0	8.0
OTU_470	1.0	3.0	4.0	1.0	2.0	7.0	2.0	1.0	2.0
OTU_688	13.0	6.0	6.0	9.0	13.0	11.0	10.0	11.0	9.0
OTU_282	1.0	2.0	3.0	11.0	13.0	13.0	5.0	9.0	11.0
OTU_1605	12.0	11.0	8.0	19.0	28.0	24.0	14.0	14.0	26.0
OTU_1005	9.0	3.0	2.0	1.0	2.0	3.0	8.0	14.0	9.0
OTU_261	10.0	11.0	9.0	9.0	10.0	14.0	4.0	5.0	7.0
OTU_345	12.0	17.0	20.0	18.0	22.0	16.0	18.0	23.0	40.0
OTU_1015	0.0	1.0	3.0	5.0	3.0	0.0	1.0	4.0	1.0
OTU_276	6.0	7.0	6.0	15.0	29.0	16.0	14.0	16.0	15.0
OTU_1401	4.0	1.0	2.0	2.0	5.0	2.0	1.0	0.0	1.0
OTU_132	30.0	23.0	43.0	15.0	25.0	21.0	11.0	25.0	17.0
OTU_717	22.0	26.0	25.0	27.0	29.0	29.0	28.0	39.0	63.0
OTU_188	4.0	7.0	6.0	6.0	6.0	3.0	3.0	5.0	5.0
OTU_172	18.0	25.0	29.0	21.0	18.0	18.0	14.0	20.0	29.0
OTU_602	2.0	0.0	0.0	4.0	1.0	4.0	4.0	1.0	12.0
OTU_481	11.0	8.0	28.0	14.0	12.0	20.0	7.0	6.0	9.0
OTU_1093	2.0	0.0	5.0	2.0	6.0	0.0	1.0	2.0	6.0
OTU_58	44.0	29.0	61.0	45.0	47.0	42.0	26.0	59.0	77.0
OTU_790	10.0	3.0	14.0	5.0	9.0	9.0	4.0	6.0	5.0
OTU_1065	0.0	1.0	4.0	1.0	3.0	2.0	4.0	0.0	2.0
OTU_953	4.0	3.0	5.0	0.0	1.0	2.0	1.0	7.0	10.0
OTU_193	15.0	19.0	25.0	17.0	17.0	32.0	12.0	14.0	21.0
OTU_425	1.0	0.0	5.0	4.0	4.0	1.0	1.0	0.0	1.0
OTU_88	26.0	13.0	32.0	14.0	28.0	18.0	19.0	28.0	34.0
OTU_408	5.0	7.0	5.0	5.0	10.0	3.0	4.0	11.0	8.0
OTU_307	17.0	14.0	10.0	15.0	16.0	13.0	4.0	6.0	15.0
OTU_27	18.0	19.0	51.0	43.0	39.0	38.0	16.0	45.0	41.0
OTU_78	35.0	28.0	30.0	20.0	33.0	21.0	17.0	35.0	47.0
OTU_357	15.0	5.0	17.0	17.0	17.0	10.0	13.0	15.0	11.0
OTU_103	14.0	9.0	28.0	12.0	19.0	30.0	14.0	9.0	11.0
OTU_492	4.0	1.0	2.0	0.0	4.0	3.0	3.0	3.0	0.0
OTU_315	16.0	8.0	21.0	9.0	5.0	8.0	4.0	8.0	12.0
OTU_268	0.0	0.0	2.0	4.0	6.0	3.0	9.0	3.0	9.0
OTU_243	5.0	6.0	7.0	4.0	2.0	5.0	6.0	5.0	10.0
OTU_454	6.0	2.0	3.0	7.0	6.0	7.0	7.0	2.0	5.0
OTU_1020	3.0	1.0	1.0	0.0	0.0	1.0	3.0	1.0	1.0
OTU_787	4.0	1.0	10.0	4.0	5.0	8.0	5.0	4.0	2.0
OTU_1600	4.0	5.0	1.0	1.0	3.0	3.0	2.0	1.0	3.0
OTU_1168	0.0	0.0	3.0	0.0	2.0	1.0	3.0	1.0	1.0
OTU_174	16.0	17.0	21.0	16.0	19.0	7.0	17.0	25.0	34.0
OTU_379	8.0	4.0	9.0	3.0	3.0	3.0	5.0	10.0	7.0
OTU_235	13.0	21.0	21.0	11.0	18.0	12.0	15.0	19.0	49.0
OTU_1051	3.0	2.0	7.0	7.0	9.0	6.0	4.0	7.0	2.0
OTU_615	2.0	2.0	5.0	3.0	1.0	2.0	3.0	3.0	1.0
OTU_1660	0.0	0.0	1.0	4.0	1.0	0.0	1.0	0.0	3.0
OTU_259	8.0	5.0	2.0	5.0	6.0	5.0	9.0	10.0	12.0
OTU_520	6.0	5.0	7.0	12.0	16.0	11.0	8.0	6.0	16.0
OTU_1044	2.0	3.0	2.0	2.0	4.0	2.0	3.0	4.0	5.0
OTU_678	13.0	5.0	36.0	27.0	23.0	50.0	7.0	9.0	11.0
OTU_683	0.0	1.0	1.0	2.0	0.0	4.0	3.0	2.0	10.0
OTU_53	34.0	22.0	42.0	27.0	43.0	40.0	13.0	22.0	27.0
OTU_1402	2.0	2.0	3.0	2.0	4.0	3.0	5.0	1.0	0.0
OTU_1517	0.0	0.0	1.0	4.0	0.0	4.0	3.0	2.0	1.0
OTU_362	3.0	4.0	3.0	1.0	1.0	5.0	3.0	6.0	5.0
OTU_496	6.0	1.0	5.0	3.0	5.0	3.0	3.0	2.0	1.0
OTU_190	3.0	1.0	4.0	5.0	11.0	4.0	2.0	2.0	1.0
OTU_1542	1.0	1.0	0.0	1.0	1.0	1.0	3.0	3.0	1.0
OTU_537	10.0	4.0	3.0	4.0	3.0	1.0	8.0	2.0	5.0
OTU_122	23.0	9.0	43.0	28.0	21.0	17.0	5.0	10.0	8.0
OTU_170	63.0	29.0	88.0	82.0	61.0	36.0	29.0	28.0	33.0
OTU_993	1.0	0.0	3.0	2.0	1.0	2.0	2.0	0.0	2.0
OTU_430	7.0	1.0	4.0	5.0	4.0	6.0	2.0	3.0	0.0
OTU_1683	0.0	1.0	5.0	3.0	7.0	5.0	3.0	1.0	5.0
OTU_57	33.0	25.0	43.0	18.0	37.0	33.0	20.0	29.0	52.0
OTU_220	7.0	5.0	12.0	5.0	10.0	11.0	7.0	8.0	12.0
OTU_300	7.0	4.0	15.0	16.0	9.0	12.0	9.0	17.0	8.0
OTU_418	5.0	4.0	5.0	10.0	6.0	11.0	8.0	11.0	14.0
OTU_252	5.0	6.0	7.0	5.0	10.0	8.0	5.0	5.0	7.0
OTU_1014	22.0	24.0	27.0	58.0	52.0	35.0	28.0	16.0	40.0
OTU_274	17.0	9.0	45.0	21.0	17.0	19.0	10.0	17.0	21.0
OTU_73	24.0	15.0	26.0	6.0	37.0	13.0	15.0	23.0	17.0
OTU_447	12.0	2.0	12.0	10.0	11.0	4.0	3.0	6.0	7.0
OTU_663	3.0	4.0	6.0	13.0	5.0	10.0	5.0	5.0	10.0
OTU_525	9.0	4.0	11.0	2.0	3.0	6.0	5.0	4.0	5.0
OTU_560	5.0	5.0	3.0	2.0	7.0	5.0	1.0	1.0	3.0
OTU_1296	0.0	0.0	0.0	0.0	1.0	1.0	1.0	0.0	0.0
OTU_1292	1.0	2.0	3.0	4.0	2.0	5.0	2.0	2.0	2.0
OTU_1488	0.0	1.0	3.0	4.0	2.0	3.0	2.0	3.0	1.0
OTU_266	4.0	4.0	9.0	6.0	6.0	8.0	2.0	4.0	9.0
OTU_989	0.0	0.0	1.0	0.0	1.0	0.0	1.0	1.0	1.0
OTU_96	34.0	23.0	33.0	25.0	23.0	17.0	18.0	24.0	27.0
OTU_1173	1.0	5.0	2.0	4.0	3.0	0.0	3.0	3.0	2.0
OTU_277	5.0	6.0	14.0	1.0	5.0	3.0	1.0	6.0	8.0
OTU_398	5.0	1.0	3.0	2.0	6.0	6.0	4.0	3.0	6.0
OTU_1008	1.0	1.0	1.0	5.0	5.0	1.0	5.0	1.0	2.0
OTU_489	13.0	4.0	7.0	5.0	8.0	8.0	4.0	8.0	10.0
OTU_1043	2.0	0.0	4.0	0.0	3.0	0.0	2.0	6.0	2.0
OTU_933	5.0	0.0	1.0	1.0	2.0	0.0	1.0	4.0	3.0
OTU_499	12.0	10.0	18.0	10.0	13.0	16.0	11.0	9.0	12.0
OTU_1712	7.0	1.0	4.0	0.0	0.0	1.0	2.0	4.0	4.0
OTU_612	5.0	2.0	3.0	1.0	3.0	4.0	4.0	2.0	1.0
OTU_1746	2.0	1.0	1.0	1.0	2.0	1.0	1.0	0.0	0.0
OTU_411	6.0	6.0	5.0	9.0	8.0	11.0	5.0	4.0	3.0
OTU_807	1.0	0.0	0.0	2.0	8.0	1.0	1.0	2.0	1.0
OTU_219	16.0	12.0	14.0	7.0	24.0	7.0	7.0	12.0	15.0
OTU_1749	1.0	0.0	1.0	1.0	1.0	1.0	1.0	1.0	1.0
OTU_882	7.0	5.0	5.0	5.0	10.0	6.0	3.0	4.0	7.0
OTU_1299	1.0	1.0	3.0	2.0	0.0	1.0	1.0	1.0	0.0
OTU_548	5.0	3.0	6.0	9.0	11.0	3.0	9.0	8.0	5.0
OTU_743	4.0	1.0	2.0	0.0	1.0	0.0	1.0	0.0	0.0
OTU_613	0.0	2.0	2.0	3.0	5.0	6.0	5.0	0.0	0.0
OTU_543	6.0	1.0	15.0	8.0	8.0	10.0	6.0	9.0	9.0
OTU_855	1.0	0.0	4.0	4.0	7.0	1.0	1.0	1.0	8.0
OTU_759	2.0	3.0	9.0	11.0	6.0	3.0	5.0	6.0	2.0
OTU_605	2.0	1.0	4.0	2.0	5.0	2.0	2.0	2.0	3.0
OTU_1747	0.0	0.0	1.0	1.0	0.0	0.0	1.0	1.0	0.0
OTU_64	26.0	19.0	26.0	15.0	23.0	24.0	15.0	19.0	45.0
OTU_126	18.0	15.0	24.0	23.0	11.0	18.0	15.0	26.0	33.0
OTU_697	2.0	0.0	0.0	2.0	1.0	0.0	3.0	3.0	1.0
OTU_617	2.0	2.0	2.0	3.0	2.0	2.0	4.0	5.0	5.0
OTU_1487	1.0	0.0	0.0	1.0	0.0	0.0	2.0	2.0	1.0
OTU_412	8.0	1.0	4.0	1.0	3.0	3.0	3.0	2.0	2.0
OTU_781	6.0	4.0	4.0	3.0	3.0	2.0	3.0	2.0	2.0
OTU_1743	0.0	0.0	2.0	0.0	0.0	1.0	2.0	2.0	1.0
OTU_95	2.0	2.0	3.0	31.0	36.0	21.0	15.0	9.0	19.0
OTU_538	1.0	3.0	0.0	1.0	0.0	2.0	3.0	2.0	3.0
OTU_772	8.0	3.0	12.0	11.0	8.0	8.0	6.0	9.0	7.0
OTU_619	0.0	0.0	1.0	1.0	4.0	2.0	2.0	3.0	4.0
OTU_966	2.0	3.0	4.0	2.0	2.0	3.0	1.0	1.0	4.0
OTU_1750	8.0	6.0	9.0	7.0	10.0	8.0	4.0	4.0	6.0
OTU_757	2.0	1.0	0.0	5.0	4.0	1.0	1.0	0.0	1.0
OTU_308	10.0	6.0	11.0	6.0	6.0	7.0	7.0	5.0	3.0
OTU_242	21.0	26.0	30.0	31.0	40.0	33.0	31.0	19.0	37.0
OTU_314	4.0	5.0	5.0	0.0	12.0	8.0	2.0	10.0	5.0
OTU_1669	3.0	2.0	1.0	3.0	2.0	2.0	2.0	3.0	0.0
OTU_988	0.0	0.0	0.0	1.0	1.0	1.0	1.0	1.0	2.0
OTU_1355	4.0	2.0	6.0	3.0	6.0	5.0	5.0	9.0	8.0
OTU_1443	9.0	8.0	6.0	7.0	10.0	11.0	6.0	5.0	5.0
OTU_799	2.0	1.0	2.0	2.0	3.0	5.0	4.0	1.0	2.0
OTU_844	2.0	1.0	7.0	4.0	7.0	3.0	7.0	3.0	3.0
OTU_1502	0.0	0.0	2.0	0.0	0.0	0.0	2.0	3.0	0.0
OTU_477	1.0	1.0	2.0	3.0	1.0	1.0	2.0	1.0	2.0
OTU_1182	3.0	1.0	1.0	4.0	8.0	6.0	4.0	3.0	3.0
OTU_340	1.0	0.0	1.0	9.0	6.0	4.0	4.0	0.0	1.0
OTU_423	6.0	8.0	18.0	12.0	20.0	9.0	15.0	11.0	24.0
OTU_1414	5.0	2.0	7.0	2.0	3.0	3.0	2.0	2.0	10.0
OTU_285	7.0	4.0	8.0	9.0	6.0	4.0	3.0	9.0	6.0
OTU_195	11.0	6.0	6.0	8.0	14.0	9.0	11.0	14.0	11.0
OTU_1029	3.0	2.0	4.0	2.0	3.0	1.0	2.0	3.0	4.0
OTU_225	2.0	2.0	3.0	3.0	11.0	7.0	4.0	5.0	12.0
OTU_878	2.0	1.0	3.0	2.0	3.0	2.0	4.0	1.0	4.0
OTU_749	5.0	3.0	5.0	2.0	3.0	2.0	12.0	3.0	6.0
OTU_167	10.0	3.0	19.0	6.0	15.0	4.0	5.0	10.0	4.0
OTU_71	8.0	9.0	26.0	24.0	50.0	11.0	9.0	1.0	7.0
OTU_682	1.0	1.0	3.0	1.0	1.0	1.0	4.0	1.0	5.0
OTU_72	37.0	14.0	52.0	29.0	26.0	28.0	11.0	14.0	12.0
OTU_137	10.0	19.0	18.0	11.0	5.0	12.0	6.0	10.0	10.0
OTU_387	2.0	1.0	4.0	1.0	4.0	3.0	6.0	0.0	0.0
OTU_185	7.0	2.0	8.0	5.0	9.0	6.0	4.0	2.0	6.0
OTU_202	6.0	0.0	2.0	20.0	17.0	12.0	5.0	2.0	4.0
OTU_228	16.0	14.0	12.0	14.0	29.0	15.0	8.0	9.0	15.0
OTU_771	5.0	2.0	5.0	0.0	3.0	5.0	1.0	9.0	8.0
OTU_803	5.0	3.0	2.0	1.0	1.0	1.0	5.0	2.0	5.0
OTU_913	0.0	1.0	2.0	3.0	1.0	1.0	1.0	0.0	3.0
OTU_813	1.0	0.0	1.0	1.0	5.0	6.0	2.0	2.0	1.0
OTU_774	3.0	0.0	5.0	1.0	1.0	2.0	1.0	1.0	0.0
OTU_675	1.0	0.0	3.0	0.0	1.0	2.0	2.0	0.0	1.0
OTU_1421	0.0	1.0	0.0	0.0	0.0	0.0	1.0	2.0	0.0
OTU_59	20.0	18.0	26.0	21.0	41.0	18.0	24.0	37.0	41.0
OTU_108	9.0	11.0	18.0	19.0	21.0	15.0	2.0	4.0	6.0
OTU_685	2.0	1.0	4.0	0.0	1.0	1.0	1.0	0.0	3.0
OTU_493	5.0	7.0	2.0	3.0	2.0	3.0	7.0	7.0	7.0
OTU_1175	0.0	0.0	2.0	3.0	1.0	4.0	1.0	0.0	2.0
OTU_1323	10.0	8.0	12.0	10.0	23.0	9.0	5.0	5.0	3.0
OTU_151	26.0	5.0	18.0	30.0	29.0	14.0	11.0	19.0	5.0
OTU_312	19.0	7.0	56.0	33.0	29.0	15.0	3.0	5.0	8.0
OTU_1424	0.0	0.0	0.0	0.0	1.0	0.0	2.0	0.0	0.0
OTU_1379	2.0	2.0	7.0	1.0	1.0	5.0	1.0	0.0	2.0
OTU_996	4.0	1.0	1.0	3.0	6.0	5.0	4.0	1.0	1.0
OTU_443	2.0	2.0	7.0	1.0	3.0	5.0	6.0	2.0	8.0
OTU_380	2.0	4.0	1.0	7.0	1.0	4.0	3.0	1.0	0.0
OTU_1423	2.0	1.0	1.0	1.0	4.0	1.0	2.0	2.0	8.0
OTU_378	7.0	3.0	6.0	1.0	7.0	2.0	4.0	4.0	3.0
OTU_171	22.0	13.0	26.0	22.0	34.0	20.0	8.0	17.0	21.0
OTU_114	33.0	33.0	43.0	33.0	39.0	29.0	22.0	37.0	51.0
OTU_1095	3.0	2.0	1.0	3.0	0.0	0.0	2.0	1.0	3.0
OTU_1002	0.0	0.0	1.0	0.0	0.0	0.0	3.0	1.0	0.0
OTU_296	6.0	5.0	11.0	3.0	16.0	11.0	5.0	12.0	11.0
OTU_310	14.0	12.0	25.0	25.0	20.0	19.0	8.0	19.0	15.0
OTU_121	11.0	6.0	18.0	16.0	29.0	10.0	9.0	16.0	11.0
OTU_943	2.0	0.0	4.0	4.0	3.0	1.0	4.0	5.0	3.0
OTU_1056	0.0	0.0	0.0	1.0	4.0	2.0	2.0	4.0	2.0
OTU_650	14.0	10.0	9.0	10.0	8.0	11.0	12.0	17.0	20.0
OTU_522	5.0	1.0	0.0	0.0	2.0	1.0	1.0	2.0	0.0
OTU_289	5.0	5.0	9.0	6.0	4.0	5.0	3.0	2.0	2.0
OTU_231	12.0	6.0	11.0	14.0	23.0	18.0	5.0	10.0	11.0
OTU_572	1.0	2.0	1.0	0.0	1.0	1.0	2.0	3.0	4.0
OTU_491	8.0	6.0	12.0	10.0	12.0	5.0	11.0	17.0	13.0
OTU_305	4.0	4.0	7.0	8.0	1.0	6.0	7.0	9.0	12.0
OTU_338	1.0	2.0	8.0	5.0	10.0	3.0	11.0	5.0	9.0
OTU_1011	5.0	5.0	2.0	3.0	8.0	4.0	9.0	5.0	5.0
OTU_1391	0.0	0.0	1.0	1.0	2.0	3.0	2.0	1.0	1.0
OTU_925	2.0	2.0	1.0	5.0	1.0	1.0	1.0	2.0	2.0
OTU_120	16.0	16.0	22.0	20.0	18.0	21.0	13.0	17.0	32.0
OTU_1400	1.0	1.0	5.0	6.0	1.0	3.0	3.0	2.0	2.0
OTU_212	10.0	6.0	13.0	8.0	17.0	11.0	2.0	12.0	11.0
OTU_1375	3.0	2.0	6.0	6.0	6.0	4.0	2.0	3.0	1.0
OTU_1386	0.0	2.0	0.0	0.0	1.0	1.0	4.0	0.0	1.0
OTU_191	13.0	10.0	7.0	13.0	13.0	14.0	7.0	4.0	6.0
OTU_169	18.0	14.0	29.0	11.0	12.0	22.0	9.0	13.0	14.0
OTU_705	0.0	0.0	1.0	0.0	2.0	0.0	2.0	0.0	0.0
OTU_1452	1.0	0.0	2.0	0.0	0.0	0.0	1.0	0.0	0.0
OTU_293	19.0	10.0	28.0	6.0	24.0	15.0	7.0	19.0	17.0
OTU_472	9.0	3.0	6.0	9.0	9.0	3.0	1.0	5.0	7.0
OTU_247	18.0	6.0	11.0	6.0	10.0	14.0	6.0	6.0	13.0
OTU_160	7.0	6.0	16.0	3.0	8.0	8.0	7.0	9.0	8.0
OTU_1748	2.0	0.0	2.0	1.0	3.0	2.0	3.0	1.0	0.0
OTU_627	2.0	2.0	5.0	2.0	7.0	0.0	4.0	3.0	4.0
OTU_708	3.0	3.0	2.0	1.0	4.0	3.0	1.0	1.0	1.0
OTU_218	10.0	12.0	11.0	10.0	15.0	10.0	5.0	11.0	14.0
OTU_1070	15.0	15.0	25.0	16.0	30.0	27.0	14.0	23.0	31.0
OTU_893	0.0	1.0	1.0	2.0	3.0	1.0	1.0	1.0	3.0
OTU_767	4.0	2.0	5.0	5.0	3.0	2.0	5.0	3.0	2.0
OTU_471	12.0	4.0	13.0	6.0	14.0	7.0	8.0	5.0	10.0
OTU_460	7.0	2.0	7.0	7.0	4.0	4.0	7.0	3.0	1.0
OTU_701	0.0	0.0	1.0	2.0	2.0	1.0	1.0	2.0	0.0
OTU_1453	0.0	0.0	4.0	1.0	0.0	1.0	2.0	0.0	1.0
OTU_186	5.0	3.0	1.0	7.0	9.0	3.0	8.0	3.0	7.0
OTU_1280	1.0	0.0	3.0	3.0	0.0	4.0	1.0	1.0	1.0
OTU_445	10.0	3.0	9.0	7.0	8.0	6.0	9.0	5.0	0.0
OTU_1301	1.0	0.0	1.0	0.0	0.0	0.0	1.0	0.0	1.0
OTU_465	3.0	3.0	4.0	3.0	2.0	2.0	1.0	1.0	2.0
OTU_628	2.0	1.0	4.0	3.0	5.0	5.0	3.0	2.0	2.0
OTU_1054	6.0	2.0	3.0	5.0	6.0	1.0	1.0	3.0	9.0
OTU_1376	2.0	3.0	11.0	8.0	10.0	3.0	5.0	2.0	4.0
OTU_1442	0.0	0.0	0.0	2.0	1.0	5.0	2.0	4.0	3.0
OTU_479	6.0	4.0	2.0	1.0	8.0	2.0	1.0	3.0	1.0
OTU_1530	1.0	0.0	3.0	0.0	0.0	2.0	1.0	0.0	1.0
OTU_215	11.0	8.0	15.0	17.0	18.0	8.0	5.0	6.0	1.0
OTU_363	2.0	0.0	6.0	2.0	6.0	4.0	1.0	2.0	4.0
OTU_421	2.0	2.0	7.0	4.0	4.0	5.0	4.0	4.0	6.0
OTU_1765	1.0	1.0	1.0	0.0	0.0	2.0	1.0	0.0	2.0
OTU_530	6.0	8.0	7.0	10.0	5.0	15.0	2.0	3.0	2.0
OTU_1122	6.0	4.0	3.0	1.0	2.0	3.0	3.0	4.0	2.0
OTU_689	0.0	1.0	3.0	0.0	2.0	0.0	1.0	1.0	0.0
OTU_395	11.0	8.0	9.0	5.0	6.0	2.0	5.0	6.0	4.0
OTU_326	13.0	11.0	15.0	7.0	4.0	8.0	1.0	10.0	8.0
OTU_681	3.0	1.0	5.0	9.0	5.0	7.0	3.0	4.0	3.0
OTU_1214	1.0	1.0	2.0	2.0	4.0	0.0	2.0	1.0	0.0
OTU_1174	0.0	1.0	0.0	2.0	4.0	3.0	3.0	1.0	1.0
OTU_475	4.0	5.0	7.0	5.0	11.0	6.0	6.0	4.0	5.0
OTU_1752	0.0	0.0	1.0	2.0	0.0	0.0	1.0	1.0	4.0
OTU_463	5.0	10.0	5.0	9.0	14.0	15.0	7.0	10.0	12.0
OTU_1448	1.0	0.0	3.0	4.0	3.0	2.0	1.0	2.0	0.0
OTU_507	1.0	1.0	4.0	2.0	3.0	1.0	4.0	2.0	0.0
OTU_636	0.0	0.0	0.0	5.0	3.0	2.0	8.0	0.0	7.0
OTU_1726	5.0	4.0	3.0	1.0	3.0	1.0	4.0	3.0	4.0
OTU_573	4.0	6.0	7.0	10.0	14.0	14.0	5.0	14.0	14.0
OTU_577	2.0	1.0	0.0	1.0	7.0	6.0	4.0	3.0	3.0
OTU_419	6.0	7.0	9.0	5.0	8.0	6.0	6.0	14.0	9.0
OTU_586	3.0	2.0	4.0	5.0	3.0	0.0	1.0	1.0	1.0
OTU_331	6.0	4.0	1.0	3.0	6.0	5.0	3.0	5.0	3.0
OTU_138	10.0	2.0	12.0	13.0	17.0	18.0	9.0	15.0	9.0
OTU_1350	2.0	3.0	6.0	1.0	4.0	3.0	1.0	3.0	3.0
OTU_1217	1.0	1.0	3.0	2.0	4.0	0.0	1.0	2.0	8.0
OTU_1377	2.0	1.0	5.0	1.0	0.0	4.0	2.0	7.0	4.0
OTU_990	4.0	9.0	7.0	4.0	2.0	3.0	2.0	5.0	3.0
OTU_624	3.0	1.0	3.0	5.0	1.0	7.0	4.0	5.0	4.0
OTU_359	1.0	0.0	1.0	3.0	6.0	0.0	3.0	3.0	5.0
OTU_738	3.0	5.0	1.0	2.0	0.0	3.0	2.0	2.0	5.0
OTU_740	5.0	1.0	2.0	1.0	1.0	0.0	1.0	2.0	1.0
OTU_1255	5.0	0.0	0.0	1.0	4.0	0.0	2.0	0.0	0.0
OTU_390	8.0	3.0	5.0	4.0	4.0	4.0	6.0	5.0	2.0
OTU_283	0.0	0.0	1.0	11.0	12.0	6.0	1.0	2.0	2.0
OTU_720	2.0	2.0	1.0	0.0	3.0	3.0	5.0	9.0	3.0
OTU_1308	4.0	4.0	6.0	7.0	3.0	2.0	3.0	2.0	3.0
OTU_1513	1.0	0.0	6.0	1.0	3.0	1.0	2.0	2.0	26.0
OTU_711	0.0	1.0	1.0	1.0	2.0	1.0	2.0	1.0	0.0
OTU_643	6.0	2.0	7.0	3.0	6.0	1.0	1.0	2.0	5.0
OTU_1010	0.0	2.0	5.0	1.0	2.0	3.0	3.0	3.0	2.0
OTU_320	6.0	1.0	11.0	5.0	10.0	3.0	3.0	3.0	3.0
OTU_375	12.0	7.0	2.0	4.0	4.0	4.0	8.0	7.0	14.0
OTU_482	6.0	5.0	13.0	12.0	10.0	12.0	2.0	8.0	12.0
OTU_1385	0.0	0.0	1.0	0.0	0.0	0.0	1.0	0.0	1.0
OTU_302	5.0	4.0	12.0	10.0	11.0	8.0	2.0	3.0	5.0
OTU_436	3.0	2.0	4.0	1.0	2.0	2.0	2.0	6.0	4.0
OTU_656	3.0	0.0	4.0	2.0	2.0	2.0	2.0	0.0	1.0
OTU_361	0.0	0.0	2.0	4.0	4.0	4.0	2.0	2.0	0.0
OTU_466	13.0	6.0	13.0	14.0	13.0	13.0	8.0	20.0	19.0
OTU_561	6.0	3.0	5.0	4.0	2.0	1.0	3.0	6.0	6.0
OTU_1055	0.0	0.0	0.0	0.0	0.0	0.0	1.0	1.0	1.0
OTU_1312	0.0	1.0	2.0	1.0	2.0	0.0	1.0	1.0	1.0
OTU_1344	0.0	3.0	0.0	3.0	2.0	0.0	2.0	2.0	2.0
OTU_216	5.0	4.0	7.0	9.0	10.0	5.0	5.0	4.0	9.0
OTU_815	1.0	0.0	6.0	4.0	5.0	7.0	3.0	4.0	4.0
OTU_622	6.0	3.0	2.0	3.0	8.0	4.0	5.0	3.0	4.0
OTU_1057	1.0	2.0	1.0	0.0	0.0	0.0	2.0	0.0	0.0
OTU_286	1.0	1.0	0.0	11.0	4.0	4.0	5.0	6.0	3.0
OTU_1033	6.0	1.0	5.0	6.0	2.0	4.0	3.0	2.0	4.0
OTU_1367	1.0	1.0	1.0	0.0	1.0	4.0	1.0	2.0	0.0
OTU_534	1.0	0.0	5.0	4.0	1.0	2.0	2.0	3.0	5.0
OTU_93	25.0	10.0	42.0	42.0	32.0	22.0	8.0	13.0	13.0
OTU_435	6.0	7.0	7.0	7.0	6.0	6.0	4.0	10.0	14.0
OTU_273	2.0	4.0	6.0	1.0	10.0	8.0	6.0	11.0	6.0
OTU_737	1.0	5.0	6.0	2.0	1.0	2.0	4.0	4.0	4.0
OTU_609	13.0	9.0	14.0	13.0	12.0	10.0	4.0	7.0	11.0
OTU_1372	3.0	0.0	2.0	1.0	3.0	1.0	3.0	0.0	1.0
OTU_1177	2.0	3.0	5.0	5.0	4.0	1.0	3.0	3.0	1.0
OTU_134	11.0	10.0	19.0	12.0	18.0	12.0	10.0	20.0	33.0
OTU_457	22.0	7.0	20.0	11.0	9.0	14.0	4.0	11.0	10.0
OTU_1599	1.0	0.0	1.0	4.0	0.0	1.0	4.0	0.0	1.0
OTU_439	1.0	1.0	5.0	2.0	2.0	1.0	5.0	5.0	5.0
OTU_262	13.0	6.0	10.0	9.0	12.0	3.0	8.0	13.0	15.0
OTU_785	2.0	2.0	3.0	3.0	0.0	2.0	2.0	3.0	5.0
OTU_551	1.0	2.0	1.0	1.0	2.0	4.0	1.0	1.0	2.0
OTU_433	4.0	2.0	4.0	6.0	3.0	2.0	2.0	2.0	1.0
OTU_155	15.0	15.0	9.0	19.0	22.0	11.0	10.0	16.0	20.0
OTU_1185	4.0	1.0	4.0	1.0	8.0	3.0	2.0	4.0	3.0
OTU_861	1.0	3.0	1.0	4.0	7.0	9.0	3.0	1.0	2.0
OTU_257	3.0	0.0	3.0	2.0	4.0	1.0	10.0	7.0	9.0
OTU_232	6.0	6.0	13.0	4.0	8.0	9.0	5.0	10.0	7.0
OTU_369	1.0	1.0	1.0	7.0	2.0	3.0	3.0	2.0	7.0
OTU_635	2.0	2.0	1.0	2.0	1.0	0.0	2.0	1.0	2.0
OTU_260	12.0	8.0	10.0	7.0	6.0	8.0	3.0	10.0	13.0
OTU_1716	3.0	2.0	6.0	4.0	4.0	6.0	2.0	3.0	5.0
OTU_935	2.0	3.0	5.0	9.0	11.0	7.0	1.0	6.0	13.0
OTU_985	4.0	1.0	1.0	6.0	2.0	3.0	1.0	2.0	3.0
OTU_1582	5.0	1.0	4.0	2.0	5.0	0.0	3.0	3.0	3.0
OTU_350	3.0	3.0	1.0	6.0	5.0	3.0	4.0	3.0	9.0
OTU_640	6.0	4.0	3.0	4.0	2.0	3.0	1.0	4.0	0.0
OTU_265	6.0	7.0	11.0	3.0	6.0	3.0	4.0	8.0	12.0
OTU_553	4.0	2.0	4.0	9.0	14.0	13.0	6.0	5.0	21.0
OTU_434	11.0	5.0	12.0	5.0	10.0	6.0	4.0	10.0	8.0
OTU_876	5.0	1.0	4.0	5.0	7.0	4.0	1.0	3.0	3.0
OTU_1052	3.0	2.0	6.0	2.0	0.0	0.0	3.0	0.0	1.0
OTU_241	21.0	20.0	13.0	15.0	19.0	9.0	5.0	16.0	23.0
OTU_595	2.0	7.0	2.0	4.0	4.0	0.0	5.0	2.0	4.0
OTU_397	0.0	2.0	2.0	1.0	1.0	2.0	2.0	1.0	6.0
OTU_816	1.0	1.0	3.0	2.0	1.0	3.0	1.0	3.0	3.0
OTU_299	3.0	2.0	4.0	7.0	4.0	2.0	1.0	5.0	8.0
OTU_1000	3.0	0.0	6.0	5.0	5.0	2.0	2.0	2.0	4.0
OTU_770	2.0	1.0	2.0	6.0	2.0	2.0	3.0	0.0	1.0
OTU_264	1.0	7.0	23.0	10.0	15.0	7.0	5.0	8.0	7.0
OTU_1045	0.0	0.0	0.0	0.0	1.0	1.0	2.0	0.0	1.0
OTU_629	2.0	2.0	4.0	2.0	1.0	2.0	3.0	2.0	4.0
OTU_1390	0.0	1.0	1.0	1.0	2.0	0.0	2.0	1.0	0.0
OTU_490	1.0	2.0	1.0	1.0	3.0	0.0	2.0	0.0	1.0
OTU_914	0.0	0.0	3.0	2.0	4.0	2.0	3.0	2.0	1.0
OTU_1039	2.0	1.0	1.0	2.0	1.0	2.0	2.0	1.0	0.0
OTU_866	1.0	0.0	2.0	3.0	2.0	0.0	1.0	0.0	0.0
OTU_181	11.0	4.0	7.0	4.0	9.0	8.0	3.0	6.0	10.0
OTU_192	10.0	13.0	15.0	6.0	9.0	4.0	7.0	7.0	12.0
OTU_351	5.0	6.0	2.0	7.0	9.0	3.0	3.0	6.0	9.0
OTU_294	8.0	17.0	22.0	9.0	19.0	6.0	3.0	17.0	12.0
OTU_1046	3.0	2.0	2.0	0.0	5.0	3.0	4.0	4.0	4.0
OTU_1311	45.0	10.0	55.0	42.0	46.0	25.0	17.0	18.0	24.0
OTU_1767	2.0	0.0	3.0	1.0	2.0	1.0	2.0	1.0	2.0
OTU_620	3.0	3.0	3.0	5.0	3.0	2.0	6.0	2.0	3.0
OTU_1396	2.0	0.0	3.0	1.0	1.0	3.0	1.0	0.0	1.0
OTU_922	1.0	1.0	1.0	2.0	1.0	0.0	1.0	0.0	1.0
OTU_179	3.0	2.0	6.0	8.0	17.0	5.0	7.0	3.0	2.0
OTU_303	1.0	2.0	6.0	5.0	5.0	7.0	3.0	4.0	2.0
OTU_1120	2.0	0.0	2.0	2.0	3.0	2.0	2.0	0.0	0.0
OTU_330	23.0	16.0	44.0	16.0	17.0	23.0	12.0	13.0	18.0
OTU_127	33.0	11.0	29.0	26.0	33.0	16.0	5.0	5.0	9.0
OTU_1086	1.0	1.0	2.0	0.0	0.0	1.0	3.0	2.0	0.0
OTU_1234	1.0	4.0	2.0	2.0	9.0	5.0	1.0	2.0	3.0
OTU_342	4.0	3.0	9.0	4.0	9.0	10.0	1.0	6.0	5.0
OTU_480	5.0	3.0	9.0	8.0	3.0	6.0	5.0	6.0	5.0
OTU_324	9.0	4.0	9.0	2.0	4.0	4.0	2.0	2.0	6.0
OTU_343	7.0	11.0	14.0	6.0	16.0	13.0	5.0	9.0	10.0
OTU_1342	5.0	3.0	7.0	7.0	3.0	8.0	3.0	4.0	3.0
OTU_112	12.0	6.0	18.0	19.0	19.0	19.0	3.0	18.0	20.0
OTU_1572	2.0	2.0	1.0	2.0	0.0	2.0	3.0	1.0	1.0
OTU_1144	0.0	0.0	0.0	1.0	3.0	1.0	1.0	0.0	0.0
OTU_1392	0.0	3.0	0.0	1.0	0.0	0.0	2.0	1.0	0.0
OTU_1545	5.0	0.0	6.0	2.0	4.0	1.0	3.0	5.0	5.0
OTU_603	1.0	2.0	0.0	1.0	3.0	1.0	2.0	2.0	2.0
OTU_1226	3.0	1.0	3.0	3.0	5.0	4.0	5.0	4.0	5.0
OTU_951	8.0	9.0	24.0	17.0	13.0	9.0	1.0	5.0	12.0
OTU_662	12.0	2.0	7.0	2.0	2.0	5.0	1.0	1.0	1.0
OTU_862	3.0	1.0	1.0	0.0	2.0	0.0	1.0	2.0	1.0
OTU_524	13.0	9.0	17.0	5.0	6.0	7.0	4.0	3.0	2.0
OTU_1550	0.0	1.0	2.0	1.0	2.0	0.0	1.0	5.0	1.0
OTU_1206	4.0	1.0	4.0	1.0	7.0	5.0	5.0	6.0	5.0
OTU_600	6.0	2.0	7.0	1.0	9.0	4.0	5.0	4.0	4.0
OTU_1732	2.0	2.0	2.0	1.0	1.0	0.0	1.0	2.0	2.0
OTU_960	6.0	1.0	4.0	7.0	4.0	8.0	3.0	2.0	4.0
OTU_732	1.0	1.0	2.0	0.0	1.0	2.0	2.0	4.0	2.0
OTU_306	3.0	5.0	6.0	12.0	13.0	15.0	4.0	8.0	8.0
OTU_987	1.0	1.0	2.0	5.0	4.0	2.0	2.0	5.0	5.0
OTU_665	2.0	2.0	4.0	4.0	4.0	3.0	1.0	1.0	5.0
OTU_1622	0.0	0.0	1.0	1.0	2.0	1.0	1.0	1.0	2.0
OTU_541	1.0	3.0	1.0	2.0	3.0	1.0	2.0	1.0	2.0
OTU_1404	0.0	0.0	0.0	0.0	1.0	0.0	1.0	0.0	0.0
OTU_547	2.0	2.0	5.0	4.0	5.0	1.0	2.0	4.0	6.0
OTU_1677	4.0	0.0	2.0	2.0	0.0	1.0	1.0	1.0	2.0
OTU_311	8.0	6.0	10.0	4.0	3.0	5.0	4.0	4.0	6.0
OTU_1121	4.0	6.0	4.0	6.0	4.0	4.0	4.0	0.0	2.0
OTU_1032	3.0	2.0	2.0	3.0	1.0	1.0	1.0	2.0	1.0
OTU_633	2.0	2.0	0.0	3.0	3.0	0.0	2.0	2.0	1.0
OTU_532	7.0	2.0	16.0	9.0	12.0	9.0	5.0	8.0	10.0
OTU_233	20.0	21.0	30.0	16.0	14.0	19.0	9.0	13.0	16.0
OTU_1359	0.0	3.0	1.0	0.0	2.0	0.0	1.0	0.0	1.0
OTU_1586	0.0	0.0	0.0	0.0	4.0	1.0	1.0	0.0	2.0
OTU_287	0.0	9.0	9.0	2.0	6.0	14.0	4.0	4.0	8.0
OTU_1066	2.0	1.0	0.0	6.0	2.0	1.0	1.0	1.0	1.0
OTU_487	5.0	6.0	5.0	6.0	5.0	6.0	2.0	1.0	7.0
OTU_823	0.0	1.0	0.0	1.0	3.0	2.0	2.0	1.0	2.0
OTU_450	5.0	2.0	7.0	5.0	8.0	3.0	10.0	10.0	10.0
OTU_795	3.0	1.0	9.0	6.0	6.0	2.0	2.0	2.0	2.0
OTU_1514	4.0	0.0	2.0	3.0	3.0	1.0	1.0	0.0	2.0
OTU_368	4.0	4.0	5.0	0.0	3.0	1.0	3.0	2.0	5.0
OTU_872	3.0	0.0	3.0	8.0	8.0	3.0	4.0	2.0	1.0
OTU_760	3.0	2.0	5.0	8.0	7.0	1.0	3.0	5.0	7.0
OTU_552	0.0	1.0	3.0	1.0	2.0	4.0	2.0	2.0	5.0
OTU_794	3.0	2.0	0.0	1.0	2.0	1.0	4.0	1.0	2.0
OTU_1084	2.0	0.0	2.0	3.0	1.0	1.0	3.0	2.0	2.0
OTU_176	8.0	7.0	4.0	6.0	8.0	2.0	2.0	5.0	8.0
OTU_1156	2.0	1.0	3.0	1.0	2.0	1.0	2.0	1.0	1.0
OTU_764	2.0	2.0	0.0	2.0	2.0	4.0	2.0	2.0	4.0
OTU_1165	2.0	0.0	1.0	2.0	3.0	0.0	1.0	0.0	0.0
OTU_141	10.0	4.0	9.0	6.0	7.0	8.0	8.0	7.0	11.0
OTU_250	14.0	7.0	11.0	14.0	13.0	15.0	7.0	17.0	25.0
OTU_753	0.0	0.0	1.0	1.0	2.0	1.0	1.0	1.0	0.0
OTU_1326	1.0	0.0	8.0	3.0	3.0	1.0	1.0	1.0	2.0
OTU_344	5.0	5.0	9.0	10.0	14.0	2.0	3.0	4.0	5.0
OTU_780	0.0	0.0	1.0	5.0	9.0	3.0	2.0	0.0	1.0
OTU_1124	1.0	0.0	0.0	2.0	2.0	2.0	1.0	0.0	1.0
OTU_666	5.0	7.0	0.0	3.0	4.0	8.0	2.0	3.0	8.0
OTU_1314	1.0	0.0	4.0	0.0	0.0	1.0	1.0	0.0	1.0
OTU_1143	4.0	2.0	2.0	1.0	1.0	3.0	2.0	0.0	2.0
OTU_623	4.0	2.0	3.0	12.0	3.0	4.0	1.0	3.0	6.0
OTU_1478	1.0	1.0	0.0	0.0	2.0	1.0	1.0	0.0	1.0
OTU_821	1.0	0.0	4.0	1.0	1.0	0.0	1.0	1.0	3.0
OTU_364	4.0	4.0	5.0	2.0	6.0	5.0	1.0	1.0	1.0
OTU_458	2.0	3.0	3.0	0.0	2.0	4.0	6.0	2.0	5.0
OTU_824	1.0	2.0	6.0	1.0	2.0	0.0	3.0	2.0	2.0
OTU_607	6.0	2.0	4.0	2.0	2.0	4.0	2.0	1.0	3.0
OTU_1030	2.0	1.0	3.0	3.0	1.0	2.0	2.0	2.0	5.0
OTU_529	7.0	4.0	10.0	1.0	3.0	3.0	3.0	5.0	5.0
OTU_335	8.0	8.0	10.0	5.0	8.0	4.0	5.0	11.0	7.0
OTU_1035	3.0	2.0	3.0	0.0	4.0	3.0	4.0	7.0	3.0
OTU_829	3.0	1.0	1.0	1.0	2.0	1.0	2.0	3.0	3.0
OTU_1042	7.0	1.0	7.0	3.0	2.0	0.0	3.0	4.0	3.0
OTU_1136	0.0	0.0	2.0	0.0	0.0	0.0	1.0	0.0	1.0
OTU_494	0.0	0.0	0.0	2.0	3.0	1.0	3.0	2.0	8.0
OTU_1135	1.0	0.0	5.0	2.0	2.0	0.0	2.0	5.0	1.0
OTU_756	6.0	1.0	7.0	3.0	6.0	2.0	1.0	0.0	3.0
OTU_800	1.0	2.0	1.0	1.0	5.0	0.0	4.0	3.0	2.0
OTU_1701	0.0	0.0	0.0	0.0	0.0	0.0	1.0	0.0	3.0
OTU_578	1.0	0.0	3.0	3.0	4.0	2.0	2.0	6.0	3.0
OTU_462	4.0	2.0	3.0	5.0	7.0	3.0	5.0	11.0	5.0
OTU_963	5.0	1.0	3.0	3.0	2.0	2.0	1.0	4.0	2.0
OTU_647	2.0	4.0	3.0	10.0	3.0	5.0	3.0	5.0	1.0
OTU_696	2.0	1.0	1.0	0.0	1.0	1.0	2.0	1.0	7.0
OTU_527	16.0	7.0	24.0	11.0	17.0	23.0	8.0	13.0	7.0
OTU_604	3.0	0.0	3.0	0.0	4.0	3.0	2.0	0.0	0.0
OTU_348	16.0	8.0	19.0	16.0	12.0	3.0	3.0	7.0	3.0
OTU_205	29.0	5.0	31.0	14.0	29.0	15.0	7.0	10.0	18.0
OTU_1031	1.0	0.0	0.0	0.0	1.0	1.0	2.0	2.0	1.0
OTU_1001	3.0	3.0	1.0	5.0	3.0	3.0	3.0	4.0	9.0
OTU_796	1.0	1.0	4.0	1.0	0.0	2.0	2.0	0.0	0.0
OTU_323	3.0	4.0	5.0	4.0	3.0	5.0	2.0	10.0	8.0
OTU_1229	10.0	16.0	12.0	14.0	11.0	17.0	14.0	17.0	35.0
OTU_808	2.0	3.0	1.0	1.0	0.0	0.0	3.0	0.0	3.0
OTU_256	5.0	1.0	13.0	6.0	10.0	3.0	4.0	7.0	5.0
OTU_79	15.0	10.0	21.0	21.0	23.0	14.0	13.0	18.0	29.0
OTU_673	0.0	2.0	5.0	2.0	1.0	2.0	1.0	0.0	1.0
OTU_967	0.0	2.0	1.0	1.0	4.0	6.0	1.0	1.0	1.0
OTU_301	5.0	5.0	7.0	7.0	10.0	4.0	3.0	6.0	8.0
OTU_1167	1.0	2.0	3.0	0.0	1.0	2.0	2.0	0.0	4.0
OTU_366	7.0	3.0	3.0	6.0	12.0	4.0	2.0	4.0	5.0
OTU_1041	1.0	1.0	3.0	0.0	1.0	2.0	1.0	2.0	2.0
OTU_1617	4.0	1.0	12.0	9.0	11.0	14.0	7.0	4.0	6.0
OTU_461	9.0	2.0	12.0	3.0	1.0	3.0	1.0	2.0	9.0
OTU_659	5.0	8.0	7.0	2.0	4.0	8.0	1.0	3.0	6.0
OTU_1170	0.0	0.0	1.0	0.0	0.0	0.0	1.0	0.0	0.0
OTU_382	1.0	4.0	9.0	8.0	6.0	5.0	2.0	6.0	1.0
OTU_870	1.0	5.0	5.0	3.0	4.0	5.0	3.0	6.0	8.0
OTU_424	6.0	3.0	10.0	8.0	13.0	4.0	3.0	4.0	7.0
OTU_467	3.0	0.0	6.0	3.0	4.0	3.0	3.0	4.0	6.0
OTU_156	10.0	8.0	24.0	14.0	14.0	10.0	3.0	8.0	17.0
OTU_786	7.0	2.0	4.0	2.0	1.0	3.0	3.0	3.0	1.0
OTU_986	2.0	0.0	3.0	2.0	3.0	1.0	1.0	2.0	0.0
OTU_464	2.0	1.0	1.0	3.0	4.0	5.0	1.0	1.0	3.0
OTU_1190	8.0	2.0	9.0	7.0	11.0	4.0	6.0	3.0	3.0
OTU_1058	1.0	0.0	0.0	0.0	2.0	1.0	1.0	0.0	2.0
OTU_237	5.0	3.0	6.0	4.0	9.0	4.0	4.0	5.0	13.0
OTU_117	15.0	15.0	27.0	21.0	26.0	26.0	9.0	24.0	17.0
OTU_1138	4.0	2.0	7.0	2.0	5.0	4.0	2.0	2.0	2.0
OTU_1199	4.0	0.0	5.0	5.0	9.0	7.0	1.0	0.0	1.0
OTU_518	2.0	2.0	3.0	9.0	11.0	4.0	1.0	2.0	7.0
OTU_474	7.0	2.0	18.0	11.0	13.0	2.0	4.0	5.0	4.0
OTU_536	3.0	2.0	2.0	3.0	7.0	1.0	5.0	3.0	6.0
OTU_1159	0.0	0.0	0.0	1.0	0.0	0.0	2.0	0.0	1.0
OTU_877	4.0	3.0	7.0	3.0	3.0	6.0	4.0	7.0	7.0
OTU_584	13.0	6.0	15.0	10.0	20.0	11.0	1.0	12.0	8.0
OTU_964	0.0	0.0	3.0	0.0	0.0	2.0	2.0	1.0	1.0
OTU_1154	0.0	0.0	1.0	2.0	1.0	0.0	1.0	0.0	0.0
OTU_1110	1.0	3.0	0.0	0.0	2.0	1.0	1.0	0.0	0.0
OTU_1063	2.0	2.0	1.0	0.0	1.0	1.0	1.0	1.0	0.0
OTU_1097	5.0	1.0	4.0	2.0	10.0	6.0	1.0	1.0	2.0
OTU_1529	1.0	0.0	0.0	0.0	1.0	1.0	1.0	2.0	1.0
OTU_916	2.0	1.0	5.0	1.0	2.0	2.0	2.0	4.0	6.0
OTU_1134	6.0	3.0	8.0	4.0	3.0	6.0	2.0	9.0	5.0
OTU_269	7.0	3.0	18.0	10.0	10.0	3.0	2.0	1.0	3.0
OTU_709	0.0	1.0	1.0	2.0	6.0	5.0	3.0	1.0	5.0
OTU_1099	2.0	0.0	2.0	1.0	1.0	0.0	3.0	2.0	1.0
OTU_1211	3.0	0.0	0.0	3.0	4.0	1.0	1.0	2.0	1.0
OTU_304	14.0	4.0	16.0	15.0	18.0	14.0	4.0	2.0	6.0
OTU_703	2.0	3.0	2.0	1.0	3.0	3.0	1.0	4.0	2.0
OTU_571	5.0	3.0	5.0	4.0	5.0	7.0	3.0	4.0	3.0
OTU_598	1.0	0.0	2.0	2.0	4.0	3.0	2.0	3.0	3.0
OTU_1060	6.0	1.0	3.0	0.0	0.0	0.0	1.0	3.0	2.0
OTU_1213	0.0	0.0	1.0	0.0	3.0	1.0	1.0	0.0	0.0
OTU_833	0.0	1.0	2.0	6.0	4.0	4.0	2.0	2.0	2.0
OTU_644	3.0	0.0	4.0	1.0	2.0	1.0	3.0	4.0	4.0
OTU_1667	4.0	1.0	2.0	3.0	6.0	1.0	1.0	1.0	2.0
OTU_1356	0.0	3.0	0.0	0.0	2.0	0.0	2.0	0.0	0.0
OTU_625	1.0	0.0	2.0	6.0	13.0	7.0	1.0	0.0	3.0
OTU_476	4.0	1.0	6.0	10.0	3.0	3.0	7.0	3.0	2.0
OTU_1119	0.0	1.0	2.0	0.0	0.0	4.0	1.0	1.0	3.0
OTU_979	2.0	1.0	5.0	4.0	7.0	1.0	4.0	2.0	2.0
OTU_1230	5.0	2.0	6.0	2.0	4.0	0.0	1.0	3.0	3.0
OTU_1666	0.0	1.0	1.0	2.0	0.0	0.0	2.0	0.0	0.0
OTU_1025	4.0	1.0	2.0	2.0	1.0	2.0	2.0	2.0	0.0
OTU_881	1.0	2.0	3.0	1.0	2.0	2.0	1.0	3.0	4.0
OTU_657	1.0	0.0	2.0	0.0	1.0	1.0	2.0	2.0	2.0
OTU_1707	0.0	0.0	0.0	2.0	0.0	0.0	2.0	0.0	1.0
OTU_298	5.0	4.0	6.0	5.0	10.0	12.0	2.0	7.0	9.0
OTU_1028	1.0	2.0	4.0	5.0	4.0	4.0	1.0	4.0	3.0
OTU_725	3.0	5.0	4.0	3.0	8.0	1.0	3.0	9.0	12.0
OTU_1751	0.0	2.0	1.0	0.0	0.0	0.0	1.0	1.0	1.0
OTU_333	8.0	4.0	4.0	7.0	2.0	5.0	2.0	3.0	9.0
OTU_1068	1.0	2.0	2.0	1.0	2.0	2.0	1.0	2.0	2.0
OTU_513	3.0	0.0	0.0	3.0	5.0	3.0	2.0	3.0	0.0
OTU_554	8.0	3.0	10.0	6.0	9.0	3.0	5.0	7.0	6.0
OTU_1050	2.0	1.0	0.0	0.0	2.0	0.0	1.0	3.0	0.0
OTU_292	3.0	5.0	10.0	10.0	6.0	6.0	3.0	5.0	4.0
OTU_885	13.0	5.0	19.0	7.0	18.0	8.0	7.0	10.0	10.0
OTU_695	7.0	1.0	10.0	8.0	13.0	10.0	4.0	6.0	2.0
OTU_1563	0.0	1.0	0.0	1.0	0.0	1.0	1.0	3.0	1.0
OTU_835	6.0	5.0	9.0	2.0	4.0	1.0	1.0	5.0	5.0
OTU_905	1.0	4.0	1.0	7.0	3.0	3.0	1.0	1.0	4.0
OTU_168	1.0	0.0	0.0	10.0	27.0	14.0	5.0	3.0	3.0
OTU_253	4.0	1.0	15.0	6.0	3.0	2.0	3.0	5.0	4.0
OTU_1116	0.0	0.0	0.0	0.0	1.0	1.0	3.0	0.0	0.0
OTU_1320	1.0	2.0	2.0	1.0	0.0	0.0	2.0	0.0	1.0
OTU_873	2.0	7.0	9.0	4.0	6.0	4.0	1.0	3.0	7.0
OTU_1697	5.0	2.0	4.0	0.0	0.0	5.0	3.0	0.0	4.0
OTU_249	12.0	10.0	11.0	12.0	11.0	6.0	1.0	11.0	12.0
OTU_793	0.0	0.0	1.0	1.0	1.0	1.0	2.0	2.0	3.0
OTU_1209	3.0	4.0	2.0	3.0	4.0	1.0	1.0	1.0	4.0
OTU_1661	3.0	1.0	2.0	2.0	1.0	1.0	1.0	2.0	0.0
OTU_393	9.0	2.0	17.0	3.0	4.0	5.0	2.0	4.0	6.0
OTU_812	2.0	0.0	3.0	14.0	12.0	7.0	2.0	5.0	8.0
OTU_1522	0.0	1.0	1.0	0.0	0.0	1.0	1.0	1.0	4.0
OTU_1363	3.0	3.0	3.0	4.0	3.0	4.0	1.0	0.0	0.0
OTU_177	10.0	3.0	30.0	11.0	6.0	9.0	2.0	3.0	6.0
OTU_396	8.0	4.0	5.0	8.0	4.0	4.0	1.0	4.0	4.0
OTU_949	2.0	4.0	2.0	2.0	1.0	0.0	2.0	0.0	4.0
OTU_1210	19.0	13.0	28.0	11.0	16.0	6.0	5.0	24.0	13.0
OTU_325	3.0	1.0	1.0	20.0	22.0	10.0	4.0	7.0	6.0
OTU_1410	1.0	1.0	3.0	3.0	4.0	2.0	1.0	1.0	5.0
OTU_723	2.0	1.0	4.0	1.0	0.0	1.0	1.0	0.0	0.0
OTU_997	1.0	0.0	2.0	0.0	3.0	1.0	1.0	1.0	0.0
OTU_374	11.0	2.0	16.0	2.0	15.0	6.0	2.0	5.0	6.0
OTU_704	4.0	1.0	1.0	1.0	4.0	1.0	1.0	2.0	5.0
OTU_742	2.0	4.0	4.0	4.0	6.0	1.0	2.0	5.0	0.0
OTU_1566	1.0	0.0	0.0	2.0	4.0	1.0	1.0	3.0	2.0
OTU_735	3.0	5.0	5.0	4.0	8.0	3.0	1.0	3.0	3.0
OTU_1413	1.0	1.0	1.0	0.0	0.0	1.0	1.0	0.0	0.0
OTU_1373	2.0	0.0	1.0	1.0	1.0	1.0	1.0	1.0	0.0
OTU_751	7.0	2.0	3.0	2.0	3.0	2.0	3.0	0.0	1.0
OTU_558	5.0	2.0	11.0	8.0	10.0	4.0	2.0	5.0	4.0
OTU_962	1.0	0.0	0.0	1.0	4.0	1.0	1.0	0.0	1.0
OTU_1247	1.0	0.0	2.0	1.0	2.0	0.0	1.0	0.0	1.0
OTU_783	4.0	3.0	4.0	7.0	6.0	10.0	2.0	4.0	2.0
OTU_1249	0.0	0.0	1.0	1.0	1.0	0.0	1.0	3.0	1.0
OTU_1241	0.0	0.0	0.0	1.0	0.0	0.0	1.0	2.0	0.0
OTU_1491	0.0	0.0	3.0	0.0	0.0	0.0	2.0	1.0	2.0
OTU_698	0.0	0.0	0.0	4.0	1.0	1.0	1.0	3.0	2.0
OTU_1434	4.0	2.0	2.0	2.0	0.0	0.0	1.0	0.0	1.0
OTU_1104	0.0	0.0	1.0	1.0	1.0	2.0	1.0	2.0	0.0
OTU_1719	2.0	1.0	2.0	0.0	0.0	1.0	1.0	3.0	3.0
OTU_1083	1.0	1.0	3.0	3.0	2.0	3.0	2.0	3.0	2.0
OTU_649	2.0	3.0	4.0	0.0	3.0	1.0	4.0	4.0	4.0
OTU_1489	0.0	1.0	2.0	2.0	0.0	0.0	1.0	0.0	2.0
OTU_404	3.0	7.0	3.0	7.0	7.0	6.0	4.0	2.0	3.0
OTU_691	0.0	0.0	2.0	0.0	1.0	2.0	3.0	3.0	1.0
OTU_1703	2.0	1.0	2.0	3.0	2.0	1.0	1.0	3.0	6.0
OTU_994	0.0	0.0	0.0	0.0	0.0	0.0	3.0	2.0	1.0
OTU_583	0.0	1.0	2.0	2.0	3.0	2.0	1.0	0.0	3.0
OTU_214	1.0	5.0	7.0	9.0	10.0	4.0	3.0	6.0	7.0
OTU_730	4.0	2.0	3.0	4.0	7.0	4.0	3.0	7.0	8.0
OTU_1201	2.0	1.0	2.0	2.0	2.0	2.0	2.0	0.0	0.0
OTU_762	2.0	1.0	3.0	3.0	4.0	0.0	3.0	4.0	3.0
OTU_539	3.0	2.0	0.0	1.0	3.0	2.0	1.0	1.0	0.0
OTU_448	3.0	0.0	9.0	0.0	1.0	3.0	4.0	8.0	3.0
OTU_1733	0.0	0.0	0.0	0.0	1.0	0.0	1.0	1.0	1.0
OTU_853	6.0	3.0	3.0	2.0	3.0	1.0	1.0	0.0	3.0
OTU_272	1.0	1.0	8.0	1.0	5.0	8.0	2.0	2.0	10.0
OTU_1239	0.0	0.0	0.0	1.0	1.0	0.0	1.0	3.0	0.0
OTU_597	1.0	0.0	1.0	4.0	2.0	2.0	1.0	3.0	0.0
OTU_991	1.0	1.0	7.0	2.0	6.0	4.0	4.0	2.0	1.0
OTU_509	3.0	2.0	2.0	3.0	3.0	2.0	2.0	5.0	4.0
OTU_510	7.0	5.0	5.0	11.0	14.0	6.0	4.0	8.0	8.0
OTU_486	2.0	0.0	1.0	3.0	1.0	3.0	3.0	2.0	4.0
OTU_1193	0.0	0.0	0.0	0.0	0.0	0.0	1.0	1.0	1.0
OTU_1188	0.0	0.0	0.0	0.0	1.0	1.0	1.0	0.0	1.0
OTU_851	1.0	1.0	1.0	0.0	1.0	1.0	1.0	0.0	0.0
OTU_1313	0.0	0.0	2.0	1.0	1.0	3.0	2.0	0.0	2.0
OTU_1429	2.0	0.0	4.0	0.0	1.0	1.0	1.0	1.0	1.0
OTU_1727	0.0	1.0	0.0	1.0	0.0	0.0	1.0	0.0	1.0
OTU_593	3.0	5.0	2.0	3.0	6.0	4.0	2.0	5.0	7.0
OTU_655	1.0	1.0	2.0	3.0	1.0	0.0	3.0	4.0	2.0
OTU_1651	1.0	0.0	1.0	1.0	1.0	1.0	1.0	1.0	0.0
OTU_1022	0.0	0.0	1.0	1.0	1.0	0.0	2.0	0.0	0.0
OTU_677	4.0	1.0	7.0	5.0	5.0	4.0	2.0	5.0	3.0
OTU_354	12.0	9.0	11.0	7.0	13.0	12.0	4.0	7.0	16.0
OTU_581	8.0	3.0	8.0	2.0	8.0	6.0	1.0	5.0	10.0
OTU_669	0.0	0.0	1.0	4.0	3.0	2.0	2.0	5.0	5.0
OTU_789	3.0	0.0	2.0	1.0	6.0	1.0	1.0	0.0	3.0
OTU_1675	0.0	0.0	1.0	3.0	2.0	1.0	1.0	0.0	0.0
OTU_360	1.0	1.0	1.0	3.0	5.0	2.0	3.0	1.0	2.0
OTU_565	4.0	1.0	3.0	4.0	5.0	4.0	2.0	6.0	5.0
OTU_1676	1.0	0.0	4.0	2.0	5.0	2.0	2.0	2.0	4.0
OTU_267	3.0	3.0	8.0	2.0	8.0	3.0	2.0	4.0	4.0
OTU_389	6.0	5.0	5.0	3.0	9.0	16.0	1.0	3.0	8.0
OTU_847	3.0	1.0	3.0	0.0	1.0	2.0	2.0	1.0	1.0
OTU_727	4.0	4.0	4.0	2.0	1.0	4.0	2.0	2.0	9.0
OTU_1445	1.0	0.0	1.0	2.0	4.0	2.0	1.0	0.0	1.0
OTU_224	4.0	1.0	2.0	0.0	2.0	0.0	3.0	11.0	16.0
OTU_1208	0.0	0.0	0.0	5.0	1.0	1.0	2.0	0.0	1.0
OTU_1405	3.0	2.0	4.0	4.0	4.0	2.0	1.0	2.0	0.0
OTU_290	4.0	3.0	1.0	7.0	6.0	7.0	1.0	7.0	2.0
OTU_1082	0.0	0.0	0.0	0.0	2.0	2.0	1.0	3.0	0.0
OTU_671	2.0	0.0	4.0	1.0	3.0	1.0	1.0	0.0	1.0
OTU_755	1.0	1.0	3.0	3.0	4.0	0.0	2.0	1.0	2.0
OTU_1080	0.0	0.0	0.0	2.0	0.0	0.0	3.0	1.0	0.0
OTU_403	7.0	3.0	1.0	2.0	2.0	2.0	2.0	1.0	5.0
OTU_1680	0.0	0.0	0.0	1.0	2.0	1.0	1.0	2.0	1.0
OTU_854	2.0	1.0	3.0	0.0	3.0	1.0	1.0	0.0	0.0
OTU_468	4.0	4.0	3.0	2.0	3.0	2.0	2.0	6.0	2.0
OTU_1073	1.0	1.0	2.0	5.0	3.0	5.0	2.0	2.0	5.0
OTU_570	1.0	0.0	0.0	1.0	5.0	4.0	1.0	0.0	5.0
OTU_1040	3.0	3.0	4.0	2.0	4.0	2.0	2.0	7.0	6.0
OTU_427	11.0	2.0	7.0	7.0	14.0	9.0	3.0	5.0	8.0
OTU_406	6.0	1.0	3.0	6.0	9.0	7.0	4.0	7.0	7.0
OTU_820	6.0	3.0	7.0	8.0	3.0	6.0	3.0	5.0	11.0
OTU_319	8.0	2.0	6.0	4.0	2.0	5.0	3.0	3.0	3.0
OTU_958	2.0	3.0	7.0	2.0	2.0	0.0	1.0	5.0	2.0
OTU_1202	0.0	0.0	3.0	0.0	0.0	1.0	1.0	0.0	3.0
OTU_969	2.0	2.0	8.0	4.0	4.0	0.0	1.0	6.0	4.0
OTU_1403	4.0	0.0	5.0	4.0	10.0	7.0	4.0	6.0	8.0
OTU_383	5.0	11.0	8.0	8.0	12.0	10.0	1.0	7.0	6.0
OTU_1639	5.0	0.0	1.0	3.0	1.0	3.0	2.0	1.0	2.0
OTU_1012	5.0	0.0	0.0	0.0	1.0	4.0	3.0	8.0	3.0
OTU_1207	2.0	0.0	0.0	1.0	0.0	0.0	1.0	0.0	1.0
OTU_804	2.0	1.0	4.0	5.0	9.0	4.0	1.0	0.0	1.0
OTU_1741	2.0	0.0	1.0	3.0	1.0	1.0	1.0	3.0	3.0
OTU_731	4.0	3.0	4.0	4.0	0.0	2.0	4.0	1.0	3.0
OTU_690	2.0	4.0	4.0	3.0	4.0	5.0	2.0	4.0	11.0
OTU_1246	0.0	2.0	4.0	1.0	2.0	2.0	3.0	1.0	0.0
OTU_849	0.0	0.0	4.0	1.0	1.0	1.0	1.0	0.0	1.0
OTU_1334	4.0	0.0	5.0	2.0	0.0	0.0	1.0	0.0	3.0
OTU_809	1.0	1.0	3.0	2.0	1.0	2.0	2.0	3.0	1.0
OTU_358	9.0	2.0	3.0	2.0	3.0	3.0	2.0	6.0	6.0
OTU_157	23.0	18.0	27.0	9.0	19.0	12.0	5.0	7.0	20.0
OTU_779	3.0	3.0	4.0	2.0	3.0	0.0	2.0	2.0	1.0
OTU_251	1.0	1.0	1.0	4.0	6.0	2.0	2.0	3.0	3.0
OTU_687	4.0	8.0	4.0	4.0	10.0	3.0	2.0	2.0	3.0
OTU_1223	3.0	2.0	7.0	4.0	7.0	9.0	5.0	3.0	10.0
OTU_896	1.0	1.0	5.0	4.0	2.0	2.0	1.0	0.0	0.0
OTU_523	1.0	2.0	3.0	6.0	8.0	1.0	1.0	0.0	2.0
OTU_1215	0.0	1.0	2.0	0.0	2.0	1.0	1.0	1.0	1.0
OTU_238	8.0	9.0	16.0	8.0	8.0	2.0	2.0	8.0	18.0
OTU_1179	2.0	2.0	1.0	1.0	0.0	0.0	1.0	3.0	1.0
OTU_352	6.0	2.0	2.0	2.0	2.0	0.0	2.0	9.0	5.0
OTU_519	2.0	2.0	1.0	4.0	4.0	0.0	1.0	0.0	1.0
OTU_173	8.0	1.0	8.0	5.0	4.0	11.0	4.0	3.0	6.0
OTU_483	3.0	2.0	1.0	4.0	4.0	5.0	4.0	0.0	4.0
OTU_1681	2.0	1.0	3.0	4.0	0.0	0.0	1.0	0.0	4.0
OTU_744	14.0	5.0	28.0	20.0	11.0	5.0	4.0	0.0	4.0
OTU_1075	1.0	1.0	2.0	1.0	0.0	0.0	2.0	0.0	2.0
OTU_1546	1.0	0.0	1.0	2.0	1.0	0.0	1.0	1.0	0.0
OTU_763	0.0	2.0	2.0	0.0	1.0	0.0	3.0	1.0	3.0
OTU_721	0.0	1.0	0.0	4.0	5.0	2.0	2.0	2.0	2.0
OTU_1260	2.0	1.0	0.0	0.0	1.0	1.0	1.0	0.0	0.0
OTU_714	2.0	0.0	0.0	0.0	0.0	0.0	2.0	1.0	0.0
OTU_734	5.0	3.0	5.0	1.0	4.0	5.0	1.0	2.0	5.0
OTU_1602	0.0	2.0	1.0	1.0	3.0	3.0	2.0	0.0	4.0
OTU_654	1.0	0.0	3.0	0.0	2.0	3.0	1.0	1.0	1.0
OTU_724	1.0	1.0	1.0	1.0	4.0	1.0	1.0	0.0	2.0
OTU_236	3.0	4.0	7.0	4.0	8.0	6.0	2.0	4.0	6.0
OTU_1755	4.0	1.0	3.0	3.0	4.0	1.0	1.0	0.0	2.0
OTU_765	7.0	2.0	3.0	0.0	3.0	1.0	2.0	1.0	1.0
OTU_501	5.0	1.0	5.0	1.0	3.0	2.0	3.0	4.0	3.0
OTU_279	4.0	2.0	1.0	1.0	3.0	1.0	2.0	1.0	3.0
OTU_281	5.0	6.0	4.0	8.0	4.0	5.0	4.0	7.0	11.0
OTU_716	8.0	1.0	4.0	4.0	10.0	0.0	1.0	1.0	2.0
OTU_1218	1.0	0.0	0.0	2.0	1.0	2.0	1.0	0.0	0.0
OTU_321	7.0	5.0	25.0	11.0	9.0	7.0	3.0	13.0	11.0
OTU_745	2.0	1.0	4.0	4.0	5.0	5.0	3.0	1.0	7.0
OTU_297	6.0	8.0	9.0	10.0	13.0	3.0	2.0	5.0	4.0
OTU_626	0.0	1.0	1.0	4.0	4.0	2.0	1.0	1.0	1.0
OTU_1127	0.0	0.0	0.0	0.0	1.0	2.0	1.0	0.0	1.0
OTU_938	3.0	1.0	2.0	1.0	0.0	1.0	1.0	1.0	0.0
OTU_1115	0.0	1.0	0.0	0.0	1.0	0.0	1.0	0.0	0.0
OTU_672	0.0	0.0	6.0	0.0	1.0	1.0	1.0	0.0	1.0
OTU_456	12.0	9.0	15.0	15.0	19.0	11.0	3.0	13.0	8.0
OTU_1244	6.0	1.0	2.0	6.0	5.0	4.0	3.0	2.0	1.0
OTU_1053	1.0	2.0	1.0	2.0	2.0	0.0	1.0	1.0	2.0
OTU_1739	1.0	1.0	0.0	1.0	2.0	0.0	1.0	0.0	0.0
OTU_516	2.0	1.0	6.0	9.0	9.0	7.0	1.0	2.0	1.0
OTU_341	5.0	0.0	7.0	7.0	9.0	7.0	1.0	2.0	3.0
OTU_1101	1.0	0.0	0.0	1.0	1.0	0.0	1.0	1.0	2.0
OTU_574	4.0	1.0	4.0	10.0	7.0	3.0	1.0	3.0	2.0
OTU_1770	5.0	5.0	3.0	11.0	10.0	4.0	2.0	6.0	5.0
OTU_846	1.0	3.0	6.0	2.0	1.0	0.0	1.0	1.0	0.0
OTU_858	2.0	1.0	2.0	3.0	3.0	1.0	1.0	1.0	1.0
OTU_1151	1.0	0.0	2.0	0.0	0.0	0.0	1.0	0.0	1.0
OTU_1111	3.0	0.0	2.0	1.0	7.0	1.0	1.0	4.0	1.0
OTU_1132	0.0	1.0	0.0	0.0	0.0	0.0	1.0	0.0	1.0
OTU_451	0.0	1.0	2.0	1.0	6.0	3.0	2.0	5.0	8.0
OTU_904	1.0	2.0	1.0	2.0	3.0	0.0	1.0	0.0	0.0
OTU_1018	1.0	1.0	2.0	1.0	3.0	0.0	2.0	3.0	8.0
OTU_377	8.0	1.0	11.0	8.0	12.0	7.0	3.0	8.0	1.0
OTU_1148	0.0	1.0	0.0	0.0	0.0	0.0	1.0	0.0	1.0
OTU_1072	1.0	0.0	0.0	0.0	0.0	1.0	1.0	0.0	0.0
OTU_402	5.0	2.0	7.0	1.0	6.0	4.0	1.0	1.0	2.0
OTU_1360	0.0	2.0	1.0	1.0	1.0	1.0	1.0	1.0	0.0
OTU_769	2.0	2.0	1.0	1.0	0.0	1.0	1.0	2.0	4.0
OTU_648	11.0	5.0	14.0	9.0	8.0	2.0	1.0	3.0	4.0
OTU_661	2.0	1.0	1.0	2.0	2.0	0.0	2.0	3.0	0.0
OTU_1200	0.0	1.0	1.0	1.0	2.0	3.0	1.0	0.0	1.0
OTU_1161	2.0	1.0	0.0	0.0	1.0	0.0	1.0	0.0	0.0
OTU_1665	3.0	1.0	2.0	1.0	1.0	2.0	3.0	1.0	1.0
OTU_1171	2.0	0.0	0.0	1.0	1.0	1.0	1.0	0.0	3.0
OTU_1166	0.0	1.0	0.0	0.0	0.0	1.0	1.0	0.0	1.0
OTU_226	8.0	2.0	10.0	6.0	4.0	2.0	3.0	5.0	8.0
OTU_1291	2.0	0.0	1.0	0.0	1.0	0.0	1.0	0.0	1.0
OTU_826	0.0	0.0	1.0	1.0	1.0	0.0	1.0	1.0	0.0
OTU_1762	0.0	0.0	1.0	1.0	0.0	1.0	2.0	2.0	2.0
OTU_630	2.0	0.0	3.0	1.0	2.0	1.0	1.0	4.0	4.0
OTU_1019	0.0	0.0	0.0	0.0	0.0	0.0	2.0	3.0	1.0
OTU_1518	1.0	0.0	0.0	0.0	2.0	0.0	2.0	1.0	1.0
OTU_1071	2.0	0.0	1.0	1.0	0.0	2.0	1.0	1.0	4.0
OTU_417	1.0	3.0	2.0	3.0	4.0	1.0	1.0	2.0	3.0
OTU_1674	0.0	1.0	2.0	3.0	0.0	1.0	1.0	1.0	0.0
OTU_1074	1.0	2.0	4.0	2.0	1.0	0.0	1.0	1.0	0.0
OTU_1294	3.0	0.0	4.0	0.0	2.0	1.0	1.0	0.0	4.0
OTU_288	7.0	8.0	6.0	10.0	22.0	14.0	4.0	10.0	14.0
OTU_910	1.0	7.0	5.0	3.0	0.0	3.0	1.0	1.0	0.0
OTU_1248	1.0	1.0	0.0	0.0	2.0	3.0	2.0	0.0	0.0
OTU_982	2.0	0.0	5.0	3.0	1.0	1.0	1.0	0.0	3.0
OTU_848	5.0	1.0	0.0	2.0	2.0	1.0	2.0	2.0	2.0
OTU_1049	0.0	0.0	0.0	0.0	0.0	1.0	1.0	2.0	5.0
OTU_867	4.0	1.0	0.0	5.0	6.0	3.0	1.0	2.0	2.0
OTU_1564	0.0	0.0	1.0	2.0	0.0	1.0	1.0	3.0	2.0
OTU_1659	0.0	0.0	0.0	0.0	0.0	0.0	1.0	0.0	2.0
OTU_512	0.0	2.0	3.0	1.0	3.0	2.0	1.0	2.0	2.0
OTU_1245	0.0	4.0	2.0	2.0	3.0	0.0	1.0	10.0	7.0
OTU_1415	4.0	0.0	1.0	0.0	0.0	2.0	1.0	0.0	1.0
OTU_1735	0.0	0.0	1.0	1.0	0.0	1.0	1.0	1.0	0.0
OTU_1285	1.0	4.0	13.0	5.0	9.0	4.0	1.0	7.0	7.0
OTU_836	4.0	3.0	4.0	1.0	5.0	6.0	1.0	11.0	3.0
OTU_1539	0.0	1.0	1.0	1.0	1.0	2.0	1.0	2.0	4.0
OTU_792	3.0	1.0	0.0	0.0	2.0	0.0	1.0	0.0	2.0
OTU_1657	0.0	0.0	1.0	1.0	1.0	0.0	1.0	1.0	0.0
OTU_1656	0.0	0.0	0.0	0.0	0.0	0.0	2.0	0.0	0.0
OTU_376	2.0	0.0	0.0	4.0	3.0	2.0	2.0	2.0	7.0
OTU_900	3.0	0.0	2.0	4.0	2.0	4.0	1.0	2.0	1.0
OTU_1162	0.0	1.0	1.0	0.0	2.0	0.0	2.0	0.0	1.0
OTU_754	1.0	0.0	0.0	0.0	0.0	1.0	1.0	2.0	2.0
OTU_1658	1.0	1.0	2.0	0.0	3.0	0.0	1.0	1.0	0.0
OTU_420	0.0	1.0	0.0	1.0	7.0	4.0	1.0	0.0	0.0
OTU_97	32.0	10.0	46.0	28.0	34.0	35.0	3.0	15.0	27.0
OTU_1036	0.0	0.0	2.0	1.0	2.0	1.0	2.0	1.0	3.0
OTU_1759	0.0	0.0	0.0	2.0	2.0	1.0	2.0	0.0	5.0
OTU_332	10.0	6.0	13.0	8.0	16.0	8.0	3.0	9.0	8.0
OTU_777	2.0	2.0	3.0	1.0	4.0	5.0	2.0	0.0	2.0
OTU_1460	2.0	2.0	1.0	2.0	3.0	3.0	1.0	7.0	5.0
OTU_1077	1.0	1.0	3.0	0.0	0.0	0.0	1.0	5.0	3.0
OTU_1627	2.0	2.0	1.0	1.0	0.0	0.0	1.0	0.0	1.0
OTU_939	2.0	1.0	1.0	0.0	2.0	1.0	1.0	1.0	2.0
OTU_339	5.0	4.0	8.0	7.0	3.0	6.0	2.0	6.0	4.0
OTU_245	1.0	0.0	0.0	9.0	13.0	14.0	1.0	1.0	0.0
OTU_1090	0.0	0.0	2.0	0.0	2.0	0.0	1.0	0.0	0.0
OTU_1160	1.0	2.0	1.0	3.0	4.0	1.0	2.0	2.0	0.0
OTU_254	7.0	5.0	17.0	11.0	12.0	2.0	1.0	5.0	11.0
OTU_1477	0.0	0.0	0.0	0.0	0.0	0.0	1.0	5.0	5.0
OTU_750	0.0	0.0	7.0	6.0	4.0	3.0	1.0	2.0	2.0
OTU_1425	5.0	2.0	6.0	4.0	3.0	3.0	1.0	0.0	3.0
OTU_1091	2.0	2.0	0.0	0.0	1.0	1.0	1.0	0.0	0.0
OTU_575	0.0	1.0	3.0	2.0	1.0	2.0	1.0	5.0	2.0
OTU_1103	2.0	1.0	3.0	0.0	1.0	0.0	2.0	3.0	3.0
OTU_500	4.0	4.0	5.0	2.0	6.0	3.0	3.0	4.0	7.0
OTU_874	1.0	2.0	2.0	0.0	4.0	2.0	1.0	1.0	4.0
OTU_1332	0.0	1.0	4.0	1.0	1.0	1.0	1.0	2.0	1.0
OTU_1085	0.0	0.0	0.0	0.0	2.0	0.0	1.0	0.0	1.0
OTU_441	3.0	3.0	10.0	6.0	8.0	3.0	1.0	2.0	7.0
OTU_384	2.0	1.0	0.0	18.0	21.0	16.0	1.0	1.0	3.0
OTU_773	6.0	2.0	5.0	2.0	7.0	2.0	2.0	1.0	2.0
OTU_1087	0.0	0.0	3.0	0.0	1.0	0.0	1.0	1.0	1.0
OTU_506	1.0	2.0	3.0	12.0	12.0	5.0	4.0	7.0	5.0
OTU_1123	1.0	0.0	1.0	2.0	2.0	0.0	1.0	0.0	1.0
OTU_1021	2.0	0.0	0.0	1.0	3.0	1.0	2.0	0.0	2.0
OTU_1451	3.0	1.0	3.0	1.0	1.0	4.0	1.0	2.0	3.0
OTU_1692	0.0	0.0	0.0	0.0	0.0	1.0	1.0	0.0	0.0
OTU_1221	0.0	0.0	0.0	1.0	1.0	1.0	2.0	0.0	0.0
OTU_587	3.0	2.0	4.0	5.0	5.0	2.0	2.0	5.0	6.0
OTU_642	1.0	1.0	1.0	9.0	10.0	6.0	2.0	3.0	4.0
OTU_1596	1.0	0.0	1.0	2.0	3.0	2.0	1.0	5.0	2.0
OTU_1619	1.0	0.0	3.0	5.0	2.0	1.0	1.0	0.0	0.0
OTU_758	0.0	1.0	2.0	0.0	1.0	0.0	1.0	1.0	1.0
OTU_1397	0.0	0.0	0.0	0.0	1.0	1.0	1.0	0.0	2.0
OTU_531	4.0	2.0	5.0	2.0	2.0	1.0	1.0	2.0	3.0
OTU_405	28.0	0.0	13.0	4.0	8.0	0.0	2.0	1.0	0.0
OTU_1140	0.0	1.0	1.0	2.0	3.0	3.0	1.0	1.0	1.0
OTU_426	2.0	3.0	16.0	8.0	8.0	5.0	1.0	8.0	7.0
OTU_1388	3.0	1.0	1.0	5.0	2.0	3.0	2.0	0.0	1.0
OTU_741	1.0	1.0	0.0	0.0	5.0	1.0	1.0	0.0	3.0
OTU_739	0.0	0.0	0.0	1.0	0.0	0.0	1.0	0.0	6.0
OTU_401	8.0	0.0	8.0	5.0	5.0	3.0	1.0	0.0	0.0
OTU_843	2.0	1.0	5.0	4.0	5.0	5.0	1.0	3.0	4.0
OTU_1331	1.0	1.0	3.0	1.0	4.0	1.0	1.0	5.0	3.0
OTU_1324	1.0	1.0	1.0	0.0	0.0	0.0	1.0	0.0	0.0
OTU_1191	8.0	14.0	8.0	4.0	14.0	8.0	1.0	10.0	5.0
OTU_864	1.0	1.0	2.0	2.0	1.0	0.0	1.0	1.0	0.0
OTU_1092	2.0	2.0	0.0	2.0	0.0	0.0	1.0	1.0	1.0
OTU_1682	0.0	0.0	2.0	3.0	4.0	1.0	1.0	1.0	1.0
OTU_857	2.0	0.0	0.0	0.0	1.0	1.0	1.0	0.0	0.0
OTU_1685	0.0	0.0	1.0	0.0	0.0	0.0	1.0	0.0	0.0
OTU_746	6.0	2.0	5.0	3.0	8.0	1.0	1.0	2.0	1.0
OTU_834	2.0	2.0	5.0	4.0	3.0	5.0	1.0	4.0	0.0
OTU_1187	2.0	0.0	6.0	2.0	3.0	2.0	1.0	2.0	3.0
OTU_1016	0.0	0.0	0.0	0.0	1.0	1.0	1.0	1.0	1.0
OTU_1169	2.0	1.0	4.0	3.0	0.0	2.0	2.0	0.0	2.0
OTU_748	2.0	1.0	2.0	4.0	1.0	3.0	1.0	2.0	1.0
OTU_1450	1.0	0.0	0.0	1.0	1.0	1.0	1.0	0.0	0.0
OTU_446	5.0	2.0	4.0	0.0	1.0	0.0	1.0	0.0	1.0
OTU_1337	0.0	0.0	4.0	0.0	1.0	1.0	2.0	0.0	0.0
OTU_784	7.0	1.0	1.0	1.0	4.0	3.0	2.0	1.0	3.0
OTU_1076	4.0	1.0	2.0	0.0	0.0	0.0	1.0	2.0	1.0
OTU_923	1.0	2.0	4.0	1.0	0.0	6.0	1.0	2.0	1.0
OTU_1625	0.0	1.0	0.0	0.0	2.0	1.0	1.0	0.0	1.0
OTU_365	1.0	2.0	4.0	6.0	6.0	2.0	2.0	3.0	3.0
OTU_782	3.0	1.0	6.0	1.0	1.0	0.0	2.0	4.0	2.0
OTU_437	5.0	2.0	7.0	3.0	5.0	1.0	1.0	4.0	8.0
OTU_1172	2.0	0.0	3.0	3.0	1.0	1.0	1.0	0.0	0.0
OTU_937	1.0	1.0	0.0	0.0	2.0	3.0	1.0	0.0	3.0
OTU_1510	1.0	0.0	0.0	0.0	3.0	1.0	1.0	1.0	1.0
OTU_422	4.0	5.0	5.0	1.0	2.0	3.0	2.0	3.0	5.0
OTU_1706	0.0	1.0	0.0	0.0	0.0	1.0	1.0	1.0	0.0
OTU_1006	1.0	0.0	1.0	0.0	0.0	0.0	1.0	0.0	0.0
OTU_616	19.0	6.0	18.0	13.0	12.0	7.0	2.0	5.0	12.0
OTU_998	1.0	3.0	3.0	0.0	2.0	2.0	1.0	2.0	1.0
OTU_940	3.0	2.0	1.0	0.0	1.0	1.0	1.0	2.0	2.0
OTU_1408	0.0	1.0	2.0	2.0	2.0	3.0	1.0	3.0	6.0
OTU_1112	5.0	0.0	4.0	7.0	9.0	5.0	1.0	1.0	2.0
OTU_766	0.0	1.0	4.0	2.0	3.0	5.0	2.0	1.0	2.0
OTU_912	4.0	1.0	5.0	4.0	1.0	3.0	1.0	1.0	2.0
OTU_1626	0.0	1.0	1.0	3.0	0.0	1.0	1.0	0.0	1.0
OTU_831	2.0	0.0	2.0	1.0	2.0	2.0	2.0	1.0	2.0
OTU_928	1.0	1.0	1.0	2.0	4.0	1.0	1.0	2.0	1.0
OTU_1634	3.0	1.0	0.0	3.0	0.0	2.0	3.0	7.0	6.0
OTU_880	12.0	8.0	5.0	3.0	4.0	3.0	1.0	1.0	1.0
OTU_891	1.0	0.0	1.0	0.0	1.0	1.0	1.0	0.0	1.0
OTU_484	11.0	2.0	16.0	8.0	7.0	8.0	1.0	3.0	4.0
OTU_631	6.0	1.0	2.0	5.0	3.0	1.0	1.0	0.0	1.0
OTU_1155	0.0	0.0	0.0	0.0	5.0	1.0	1.0	0.0	0.0
OTU_1256	1.0	1.0	1.0	0.0	3.0	0.0	1.0	1.0	0.0
OTU_632	3.0	0.0	1.0	1.0	3.0	5.0	1.0	1.0	1.0
OTU_802	2.0	1.0	4.0	1.0	2.0	0.0	1.0	1.0	3.0
OTU_1629	0.0	0.0	0.0	0.0	0.0	0.0	1.0	0.0	1.0
OTU_521	3.0	1.0	3.0	7.0	5.0	7.0	1.0	3.0	4.0
OTU_995	0.0	0.0	0.0	1.0	1.0	1.0	2.0	0.0	0.0
OTU_791	1.0	0.0	3.0	2.0	2.0	4.0	2.0	1.0	3.0
OTU_1637	2.0	5.0	10.0	7.0	5.0	6.0	1.0	3.0	2.0
OTU_263	3.0	0.0	3.0	4.0	6.0	5.0	1.0	3.0	3.0
OTU_1017	2.0	1.0	0.0	0.0	0.0	0.0	1.0	1.0	0.0
OTU_1305	3.0	3.0	0.0	1.0	0.0	0.0	1.0	1.0	0.0
OTU_1461	0.0	2.0	2.0	2.0	0.0	2.0	1.0	3.0	3.0
OTU_1650	0.0	0.0	0.0	0.0	0.0	1.0	1.0	0.0	0.0
OTU_1352	3.0	1.0	6.0	4.0	4.0	1.0	1.0	3.0	1.0
OTU_1618	2.0	1.0	1.0	2.0	0.0	3.0	3.0	0.0	2.0
OTU_818	1.0	0.0	7.0	2.0	2.0	3.0	1.0	2.0	3.0
OTU_589	6.0	2.0	8.0	1.0	3.0	0.0	3.0	4.0	3.0
OTU_1192	4.0	1.0	1.0	0.0	7.0	1.0	1.0	1.0	6.0
OTU_309	1.0	1.0	5.0	0.0	3.0	0.0	1.0	0.0	5.0
OTU_549	7.0	1.0	5.0	4.0	8.0	4.0	1.0	0.0	2.0
OTU_1640	0.0	1.0	1.0	5.0	6.0	3.0	1.0	0.0	3.0
OTU_1351	2.0	2.0	2.0	0.0	0.0	1.0	1.0	0.0	0.0
OTU_778	2.0	0.0	1.0	1.0	1.0	1.0	1.0	2.0	1.0
OTU_533	1.0	0.0	0.0	6.0	1.0	2.0	1.0	2.0	7.0
OTU_1636	1.0	0.0	1.0	1.0	1.0	0.0	1.0	0.0	1.0
OTU_909	1.0	4.0	2.0	3.0	3.0	3.0	1.0	2.0	2.0
OTU_1686	3.0	0.0	1.0	1.0	1.0	0.0	1.0	3.0	3.0
OTU_1635	1.0	0.0	2.0	1.0	4.0	0.0	1.0	4.0	1.0
OTU_1231	1.0	3.0	1.0	1.0	6.0	1.0	1.0	0.0	3.0
OTU_1638	0.0	1.0	0.0	0.0	0.0	0.0	1.0	0.0	1.0
OTU_1698	6.0	3.0	2.0	1.0	1.0	3.0	1.0	0.0	3.0
OTU_1632	0.0	0.0	0.0	1.0	4.0	2.0	1.0	0.0	1.0
OTU_1500	1.0	1.0	0.0	3.0	0.0	2.0	1.0	1.0	3.0
OTU_428	1.0	0.0	2.0	1.0	10.0	0.0	1.0	5.0	2.0
OTU_981	4.0	0.0	9.0	8.0	3.0	5.0	1.0	3.0	6.0
OTU_409	2.0	2.0	1.0	6.0	8.0	2.0	1.0	4.0	5.0
OTU_566	5.0	2.0	4.0	2.0	2.0	1.0	1.0	2.0	3.0
OTU_927	2.0	1.0	1.0	2.0	1.0	1.0	1.0	1.0	0.0
OTU_546	1.0	1.0	1.0	1.0	6.0	1.0	0.0	3.0	7.0
OTU_1003	0.0	3.0	3.0	5.0	6.0	2.0	0.0	4.0	1.0
OTU_1742	0.0	0.0	1.0	0.0	1.0	1.0	0.0	1.0	0.0
OTU_1281	3.0	2.0	3.0	4.0	2.0	0.0	0.0	1.0	0.0
OTU_495	8.0	7.0	10.0	11.0	13.0	13.0	0.0	4.0	8.0
OTU_1368	1.0	1.0	3.0	2.0	1.0	5.0	0.0	2.0	2.0
OTU_1704	2.0	4.0	2.0	3.0	2.0	5.0	0.0	1.0	6.0
OTU_852	2.0	0.0	3.0	0.0	2.0	2.0	0.0	2.0	3.0
OTU_788	3.0	4.0	7.0	1.0	10.0	5.0	0.0	4.0	8.0
OTU_1736	0.0	0.0	0.0	1.0	0.0	0.0	0.0	1.0	1.0
OTU_1738	1.0	1.0	0.0	3.0	3.0	0.0	0.0	4.0	0.0
OTU_1737	3.0	0.0	5.0	1.0	0.0	0.0	0.0	2.0	1.0
OTU_869	1.0	2.0	4.0	3.0	2.0	0.0	0.0	1.0	0.0
OTU_1763	1.0	1.0	5.0	9.0	4.0	3.0	0.0	1.0	0.0
OTU_970	2.0	1.0	2.0	1.0	1.0	1.0	0.0	4.0	2.0
OTU_1766	1.0	0.0	0.0	0.0	0.0	0.0	0.0	1.0	0.0
OTU_710	3.0	0.0	3.0	2.0	4.0	3.0	0.0	1.0	1.0
OTU_1760	0.0	1.0	1.0	0.0	1.0	0.0	0.0	2.0	0.0
OTU_1731	1.0	0.0	1.0	1.0	0.0	0.0	0.0	2.0	1.0
OTU_1773	0.0	0.0	0.0	0.0	1.0	0.0	0.0	1.0	0.0
OTU_1325	3.0	1.0	6.0	3.0	5.0	3.0	0.0	3.0	3.0
OTU_1061	2.0	0.0	0.0	0.0	1.0	0.0	0.0	1.0	1.0
OTU_1641	1.0	0.0	3.0	3.0	1.0	0.0	0.0	1.0	0.0
OTU_1678	7.0	1.0	9.0	4.0	3.0	0.0	0.0	3.0	0.0
OTU_752	1.0	1.0	4.0	1.0	2.0	0.0	0.0	1.0	7.0
OTU_1059	0.0	0.0	0.0	1.0	1.0	0.0	0.0	1.0	2.0
OTU_1532	0.0	0.0	0.0	1.0	0.0	3.0	0.0	1.0	1.0
OTU_825	1.0	0.0	2.0	1.0	2.0	2.0	0.0	2.0	2.0
OTU_634	9.0	1.0	9.0	7.0	8.0	2.0	0.0	1.0	0.0
OTU_822	0.0	0.0	0.0	0.0	1.0	0.0	0.0	2.0	3.0
OTU_1756	1.0	0.0	0.0	3.0	2.0	2.0	0.0	2.0	0.0
OTU_1758	0.0	0.0	1.0	0.0	1.0	1.0	0.0	1.0	1.0
OTU_1389	0.0	1.0	0.0	0.0	3.0	1.0	0.0	2.0	0.0
OTU_1757	0.0	0.0	0.0	0.0	0.0	0.0	0.0	3.0	1.0
OTU_514	2.0	3.0	7.0	4.0	4.0	2.0	0.0	5.0	3.0
OTU_1117	0.0	1.0	0.0	0.0	2.0	0.0	0.0	1.0	0.0
OTU_1364	0.0	0.0	1.0	1.0	1.0	2.0	0.0	1.0	0.0
OTU_223	5.0	0.0	5.0	1.0	8.0	3.0	0.0	3.0	5.0
OTU_868	2.0	1.0	2.0	2.0	3.0	0.0	0.0	1.0	1.0
OTU_817	0.0	0.0	2.0	0.0	1.0	0.0	0.0	2.0	1.0
OTU_1098	0.0	0.0	1.0	2.0	2.0	1.0	0.0	1.0	2.0
OTU_1710	0.0	0.0	0.0	0.0	0.0	0.0	0.0	2.0	0.0
OTU_889	0.0	1.0	2.0	1.0	4.0	1.0	0.0	1.0	2.0
OTU_670	6.0	1.0	12.0	6.0	3.0	0.0	0.0	3.0	4.0
OTU_1702	0.0	0.0	0.0	2.0	2.0	0.0	0.0	1.0	1.0
OTU_1395	0.0	1.0	1.0	2.0	4.0	2.0	0.0	3.0	0.0
OTU_1026	2.0	0.0	0.0	1.0	3.0	0.0	0.0	1.0	0.0
OTU_1709	0.0	0.0	0.0	0.0	0.0	0.0	0.0	1.0	1.0
OTU_801	0.0	1.0	1.0	0.0	1.0	2.0	0.0	3.0	1.0
OTU_860	3.0	2.0	0.0	1.0	0.0	0.0	0.0	1.0	0.0
OTU_718	1.0	2.0	3.0	3.0	2.0	7.0	0.0	4.0	1.0
OTU_1699	0.0	0.0	1.0	0.0	0.0	0.0	0.0	2.0	0.0
OTU_621	9.0	3.0	17.0	10.0	7.0	5.0	0.0	3.0	3.0
OTU_1505	0.0	0.0	1.0	0.0	0.0	0.0	0.0	2.0	0.0
OTU_1047	1.0	0.0	0.0	1.0	2.0	1.0	0.0	3.0	2.0
OTU_555	1.0	0.0	1.0	2.0	0.0	0.0	0.0	2.0	6.0
OTU_596	2.0	1.0	2.0	1.0	5.0	2.0	0.0	1.0	3.0
OTU_1728	3.0	0.0	4.0	0.0	1.0	2.0	0.0	1.0	2.0
OTU_1399	0.0	0.0	0.0	1.0	2.0	3.0	0.0	1.0	1.0
OTU_1538	0.0	1.0	1.0	1.0	1.0	1.0	0.0	5.0	1.0
OTU_945	5.0	2.0	2.0	2.0	1.0	1.0	0.0	5.0	1.0
OTU_564	5.0	4.0	8.0	4.0	1.0	5.0	0.0	3.0	6.0
OTU_924	4.0	2.0	5.0	3.0	0.0	3.0	0.0	2.0	1.0
OTU_1430	3.0	0.0	2.0	2.0	2.0	1.0	0.0	1.0	1.0
OTU_1038	0.0	1.0	1.0	0.0	4.0	3.0	0.0	1.0	0.0
OTU_1730	0.0	0.0	1.0	2.0	1.0	1.0	0.0	1.0	4.0
OTU_1655	2.0	1.0	0.0	3.0	0.0	2.0	0.0	2.0	2.0
OTU_1718	0.0	0.0	0.0	0.0	0.0	0.0	0.0	2.0	0.0
OTU_1715	1.0	0.0	0.0	1.0	1.0	1.0	0.0	1.0	0.0
OTU_1240	0.0	1.0	1.0	0.0	4.0	3.0	0.0	1.0	1.0
OTU_1723	3.0	1.0	1.0	1.0	1.0	1.0	0.0	1.0	2.0
OTU_917	0.0	0.0	0.0	2.0	1.0	0.0	0.0	1.0	1.0
OTU_610	1.0	0.0	2.0	1.0	1.0	2.0	0.0	1.0	0.0
OTU_1631	0.0	0.0	0.0	2.0	0.0	0.0	0.0	1.0	1.0
OTU_1432	3.0	0.0	1.0	1.0	0.0	2.0	0.0	1.0	1.0
OTU_562	0.0	0.0	1.0	0.0	1.0	2.0	0.0	3.0	2.0
OTU_1508	2.0	1.0	0.0	2.0	1.0	1.0	0.0	1.0	1.0
OTU_1646	1.0	1.0	0.0	2.0	1.0	1.0	0.0	1.0	2.0
OTU_1511	1.0	1.0	1.0	0.0	0.0	0.0	0.0	1.0	0.0
OTU_694	3.0	0.0	0.0	1.0	2.0	1.0	0.0	1.0	0.0
OTU_1509	0.0	0.0	1.0	0.0	0.0	1.0	0.0	2.0	0.0
OTU_667	3.0	0.0	5.0	4.0	3.0	2.0	0.0	3.0	2.0
OTU_1261	3.0	0.0	1.0	0.0	1.0	0.0	0.0	1.0	0.0
OTU_827	0.0	0.0	3.0	3.0	2.0	1.0	0.0	1.0	2.0
OTU_1516	0.0	1.0	0.0	0.0	1.0	0.0	0.0	1.0	0.0
OTU_478	1.0	0.0	3.0	1.0	3.0	2.0	0.0	3.0	0.0
OTU_1236	1.0	0.0	1.0	1.0	1.0	1.0	0.0	1.0	2.0
OTU_1512	1.0	0.0	2.0	0.0	0.0	0.0	0.0	1.0	1.0
OTU_1440	0.0	0.0	0.0	0.0	0.0	3.0	0.0	1.0	1.0
OTU_1437	0.0	0.0	0.0	2.0	1.0	3.0	0.0	1.0	0.0
OTU_1498	0.0	0.0	2.0	0.0	2.0	0.0	0.0	1.0	1.0
OTU_1497	0.0	0.0	0.0	0.0	0.0	0.0	0.0	2.0	0.0
OTU_1496	0.0	1.0	0.0	1.0	0.0	0.0	0.0	1.0	1.0
OTU_1100	4.0	1.0	2.0	2.0	4.0	1.0	0.0	1.0	1.0
OTU_1504	0.0	0.0	0.0	0.0	0.0	0.0	0.0	2.0	0.0
OTU_1501	0.0	1.0	0.0	0.0	0.0	0.0	0.0	1.0	1.0
OTU_1503	0.0	0.0	0.0	2.0	0.0	0.0	0.0	1.0	0.0
OTU_1531	0.0	1.0	2.0	1.0	0.0	0.0	0.0	2.0	0.0
OTU_1062	1.0	0.0	1.0	0.0	1.0	1.0	0.0	2.0	0.0
OTU_1533	2.0	1.0	0.0	2.0	1.0	1.0	0.0	2.0	2.0
OTU_931	1.0	1.0	1.0	0.0	1.0	1.0	0.0	1.0	1.0
OTU_1259	5.0	3.0	10.0	1.0	0.0	1.0	0.0	1.0	2.0
OTU_1267	1.0	1.0	3.0	1.0	1.0	1.0	0.0	2.0	0.0
OTU_1534	1.0	0.0	0.0	1.0	1.0	0.0	0.0	1.0	0.0
OTU_652	8.0	4.0	10.0	1.0	5.0	6.0	0.0	2.0	4.0
OTU_674	1.0	0.0	0.0	1.0	4.0	2.0	0.0	1.0	0.0
OTU_1203	3.0	1.0	2.0	6.0	4.0	1.0	0.0	2.0	0.0
OTU_955	3.0	1.0	1.0	0.0	1.0	2.0	0.0	3.0	4.0
OTU_1523	0.0	1.0	0.0	0.0	1.0	0.0	0.0	1.0	0.0
OTU_1740	1.0	1.0	3.0	3.0	1.0	2.0	0.0	1.0	0.0
OTU_1519	0.0	0.0	0.0	0.0	0.0	0.0	0.0	1.0	1.0
OTU_372	0.0	1.0	5.0	4.0	3.0	0.0	0.0	4.0	4.0
OTU_1330	3.0	0.0	5.0	2.0	2.0	0.0	0.0	1.0	0.0
OTU_1558	0.0	0.0	0.0	0.0	1.0	1.0	0.0	2.0	1.0
OTU_222	3.0	3.0	4.0	3.0	4.0	6.0	0.0	4.0	5.0
OTU_1521	0.0	0.0	0.0	1.0	1.0	0.0	0.0	1.0	0.0
OTU_942	6.0	8.0	9.0	1.0	7.0	4.0	0.0	3.0	5.0
OTU_1526	1.0	0.0	0.0	0.0	0.0	0.0	0.0	1.0	0.0
OTU_702	5.0	0.0	0.0	1.0	1.0	0.0	0.0	3.0	2.0
OTU_1469	1.0	0.0	2.0	0.0	1.0	1.0	0.0	1.0	1.0
OTU_1224	0.0	2.0	0.0	0.0	1.0	3.0	0.0	3.0	1.0
OTU_1525	2.0	1.0	1.0	0.0	0.0	0.0	0.0	4.0	4.0
OTU_1575	1.0	3.0	1.0	2.0	1.0	1.0	0.0	2.0	0.0
OTU_497	3.0	1.0	6.0	2.0	2.0	3.0	0.0	2.0	3.0
OTU_248	9.0	4.0	6.0	1.0	10.0	3.0	0.0	5.0	6.0
OTU_498	5.0	1.0	1.0	2.0	1.0	2.0	0.0	2.0	0.0
OTU_906	3.0	0.0	5.0	9.0	2.0	1.0	0.0	3.0	0.0
OTU_1467	0.0	1.0	1.0	2.0	1.0	0.0	0.0	1.0	0.0
OTU_850	2.0	0.0	1.0	3.0	1.0	4.0	0.0	1.0	1.0
OTU_921	0.0	0.0	0.0	7.0	8.0	2.0	0.0	2.0	1.0
OTU_845	0.0	1.0	1.0	0.0	0.0	0.0	0.0	1.0	1.0
OTU_399	4.0	0.0	8.0	1.0	6.0	6.0	0.0	3.0	0.0
OTU_1568	0.0	1.0	0.0	1.0	2.0	0.0	0.0	2.0	0.0
OTU_1768	1.0	0.0	0.0	1.0	1.0	0.0	0.0	1.0	1.0
OTU_210	7.0	4.0	7.0	11.0	7.0	9.0	0.0	1.0	0.0
OTU_798	0.0	1.0	2.0	5.0	5.0	3.0	0.0	2.0	2.0
OTU_271	3.0	0.0	2.0	9.0	11.0	5.0	0.0	3.0	2.0
OTU_585	1.0	2.0	0.0	0.0	5.0	4.0	0.0	1.0	2.0
OTU_386	3.0	2.0	1.0	6.0	2.0	6.0	0.0	1.0	0.0
OTU_1462	2.0	0.0	4.0	1.0	0.0	2.0	0.0	2.0	0.0
OTU_1463	0.0	0.0	0.0	1.0	0.0	0.0	0.0	1.0	0.0
OTU_1536	0.0	0.0	2.0	0.0	0.0	0.0	0.0	2.0	0.0
OTU_1579	0.0	0.0	0.0	2.0	0.0	0.0	0.0	2.0	1.0
OTU_968	0.0	1.0	2.0	1.0	1.0	0.0	0.0	1.0	1.0
OTU_1471	0.0	1.0	0.0	0.0	0.0	0.0	0.0	1.0	2.0
OTU_1004	2.0	0.0	3.0	1.0	0.0	1.0	0.0	1.0	1.0
OTU_984	0.0	1.0	1.0	2.0	3.0	1.0	0.0	1.0	1.0
OTU_1475	1.0	1.0	0.0	2.0	1.0	1.0	0.0	5.0	1.0
OTU_1490	0.0	0.0	0.0	0.0	2.0	2.0	0.0	2.0	4.0
OTU_1474	2.0	0.0	0.0	0.0	0.0	0.0	0.0	1.0	2.0
OTU_1476	0.0	0.0	0.0	0.0	2.0	0.0	0.0	1.0	1.0
OTU_1270	1.0	0.0	1.0	0.0	0.0	0.0	0.0	1.0	0.0
OTU_699	2.0	4.0	5.0	2.0	4.0	0.0	0.0	2.0	1.0
OTU_776	0.0	1.0	1.0	3.0	4.0	0.0	0.0	1.0	0.0
OTU_556	4.0	3.0	7.0	4.0	7.0	3.0	0.0	3.0	3.0
OTU_1473	0.0	0.0	1.0	0.0	2.0	0.0	0.0	1.0	0.0
OTU_1338	1.0	1.0	4.0	2.0	0.0	0.0	0.0	2.0	1.0
OTU_1438	2.0	1.0	0.0	1.0	1.0	2.0	0.0	1.0	0.0
OTU_1483	0.0	1.0	0.0	0.0	1.0	0.0	0.0	1.0	0.0
OTU_1319	2.0	2.0	4.0	2.0	1.0	0.0	0.0	2.0	0.0
OTU_975	1.0	0.0	0.0	4.0	5.0	3.0	0.0	1.0	1.0
OTU_1556	0.0	1.0	1.0	0.0	0.0	0.0	0.0	2.0	1.0
OTU_1480	0.0	0.0	1.0	0.0	0.0	0.0	0.0	1.0	1.0
OTU_1479	0.0	0.0	0.0	1.0	0.0	3.0	0.0	2.0	1.0
OTU_639	2.0	0.0	1.0	1.0	1.0	1.0	0.0	1.0	0.0
OTU_1585	0.0	0.0	2.0	2.0	0.0	0.0	0.0	1.0	0.0
OTU_511	2.0	0.0	5.0	2.0	1.0	1.0	0.0	1.0	0.0
OTU_1590	0.0	0.0	0.0	0.0	1.0	0.0	0.0	2.0	1.0
OTU_1764	2.0	0.0	0.0	0.0	0.0	1.0	0.0	1.0	4.0
OTU_1023	0.0	1.0	1.0	1.0	1.0	0.0	0.0	2.0	1.0
OTU_1129	1.0	1.0	1.0	0.0	1.0	0.0	0.0	2.0	0.0
OTU_1277	1.0	0.0	2.0	0.0	0.0	0.0	0.0	1.0	2.0
OTU_591	0.0	4.0	2.0	5.0	0.0	2.0	0.0	1.0	0.0
OTU_1547	0.0	0.0	2.0	1.0	1.0	1.0	0.0	3.0	1.0
OTU_908	0.0	0.0	4.0	8.0	8.0	7.0	0.0	3.0	1.0
OTU_592	1.0	0.0	2.0	1.0	1.0	1.0	0.0	1.0	3.0
OTU_1577	0.0	0.0	0.0	3.0	1.0	3.0	0.0	1.0	4.0
OTU_1593	8.0	6.0	4.0	4.0	4.0	3.0	0.0	6.0	3.0
OTU_645	6.0	0.0	10.0	8.0	3.0	6.0	0.0	1.0	4.0
OTU_1349	4.0	1.0	4.0	3.0	1.0	0.0	0.0	2.0	1.0
OTU_1567	3.0	2.0	0.0	1.0	3.0	1.0	0.0	2.0	0.0
OTU_611	2.0	2.0	3.0	1.0	2.0	5.0	0.0	1.0	0.0
OTU_1729	0.0	1.0	1.0	3.0	2.0	0.0	0.0	1.0	3.0
OTU_608	2.0	0.0	1.0	4.0	3.0	0.0	0.0	2.0	0.0
OTU_875	6.0	2.0	0.0	2.0	1.0	2.0	0.0	1.0	2.0
OTU_651	2.0	0.0	3.0	1.0	0.0	0.0	0.0	1.0	0.0
OTU_1419	3.0	0.0	0.0	0.0	0.0	2.0	0.0	1.0	1.0
OTU_957	0.0	3.0	1.0	0.0	1.0	1.0	0.0	1.0	0.0
OTU_1612	0.0	0.0	2.0	0.0	0.0	0.0	0.0	1.0	1.0
OTU_1611	1.0	0.0	2.0	2.0	4.0	4.0	0.0	1.0	1.0
OTU_1354	0.0	2.0	2.0	0.0	0.0	0.0	0.0	1.0	0.0
OTU_1608	0.0	0.0	0.0	0.0	0.0	1.0	0.0	1.0	1.0
OTU_1606	2.0	0.0	0.0	0.0	0.0	0.0	0.0	2.0	0.0
OTU_1607	0.0	0.0	0.0	0.0	0.0	1.0	0.0	1.0	1.0
OTU_1613	0.0	0.0	3.0	0.0	1.0	1.0	0.0	1.0	0.0
OTU_658	2.0	4.0	9.0	2.0	3.0	6.0	0.0	1.0	2.0
OTU_1603	0.0	0.0	0.0	1.0	0.0	0.0	0.0	1.0	0.0
OTU_1604	0.0	1.0	0.0	2.0	0.0	1.0	0.0	1.0	0.0
OTU_1594	0.0	0.0	1.0	1.0	0.0	1.0	0.0	1.0	4.0
OTU_1595	0.0	0.0	2.0	1.0	0.0	1.0	0.0	1.0	1.0
OTU_1275	4.0	1.0	5.0	2.0	3.0	0.0	0.0	1.0	4.0
OTU_1096	4.0	1.0	1.0	0.0	2.0	1.0	0.0	1.0	2.0
OTU_1374	1.0	1.0	1.0	0.0	1.0	2.0	0.0	1.0	1.0
OTU_1069	1.0	0.0	1.0	1.0	2.0	0.0	0.0	1.0	2.0
OTU_638	1.0	1.0	0.0	1.0	3.0	2.0	0.0	1.0	0.0
OTU_1446	0.0	0.0	2.0	0.0	0.0	1.0	0.0	1.0	0.0
OTU_540	0.0	0.0	4.0	8.0	9.0	6.0	0.0	1.0	0.0
OTU_579	3.0	0.0	1.0	1.0	1.0	0.0	0.0	1.0	1.0
OTU_856	3.0	3.0	1.0	2.0	5.0	2.0	0.0	1.0	1.0
OTU_1551	0.0	0.0	0.0	0.0	1.0	1.0	0.0	1.0	0.0
OTU_1457	2.0	0.0	0.0	0.0	0.0	3.0	0.0	3.0	0.0
OTU_1552	0.0	0.0	1.0	0.0	0.0	0.0	0.0	1.0	0.0
OTU_1089	0.0	0.0	0.0	1.0	3.0	0.0	0.0	2.0	0.0
OTU_1548	0.0	0.0	0.0	1.0	0.0	1.0	0.0	1.0	0.0
OTU_1258	3.0	0.0	2.0	2.0	1.0	2.0	0.0	2.0	1.0
OTU_692	4.0	1.0	8.0	2.0	5.0	0.0	0.0	1.0	0.0
OTU_693	1.0	6.0	3.0	2.0	9.0	2.0	0.0	2.0	1.0
OTU_1535	0.0	2.0	0.0	1.0	0.0	0.0	0.0	1.0	1.0
OTU_1181	1.0	1.0	0.0	0.0	2.0	1.0	0.0	1.0	0.0
OTU_1472	0.0	0.0	0.0	2.0	0.0	0.0	0.0	1.0	3.0
OTU_1623	0.0	1.0	1.0	1.0	1.0	1.0	0.0	1.0	2.0
OTU_1081	0.0	0.0	0.0	3.0	0.0	0.0	0.0	2.0	0.0
OTU_1431	3.0	0.0	2.0	1.0	1.0	0.0	0.0	1.0	4.0
OTU_929	2.0	5.0	2.0	2.0	1.0	1.0	0.0	2.0	6.0
OTU_1553	1.0	0.0	0.0	0.0	0.0	0.0	0.0	1.0	0.0
OTU_1079	3.0	2.0	2.0	2.0	3.0	0.0	0.0	1.0	1.0
OTU_1078	0.0	1.0	2.0	2.0	1.0	1.0	0.0	1.0	0.0
OTU_1362	0.0	1.0	1.0	0.0	0.0	0.0	0.0	1.0	1.0
OTU_1562	1.0	0.0	1.0	5.0	3.0	3.0	0.0	1.0	2.0
OTU_1348	1.0	1.0	2.0	1.0	0.0	2.0	0.0	1.0	2.0
OTU_1574	0.0	0.0	1.0	0.0	0.0	0.0	0.0	1.0	0.0
OTU_974	3.0	1.0	3.0	3.0	2.0	1.0	0.0	1.0	1.0
OTU_1569	1.0	0.0	0.0	0.0	0.0	1.0	0.0	2.0	0.0
OTU_1565	3.0	0.0	2.0	1.0	0.0	1.0	0.0	2.0	2.0
OTU_1064	1.0	0.0	0.0	0.0	0.0	1.0	0.0	1.0	0.0
OTU_1725	4.0	1.0	3.0	0.0	1.0	3.0	0.0	3.0	2.0
OTU_971	3.0	3.0	1.0	1.0	1.0	2.0	0.0	2.0	2.0
OTU_1571	0.0	0.0	0.0	0.0	1.0	1.0	0.0	1.0	0.0
OTU_1720	1.0	1.0	0.0	0.0	0.0	0.0	0.0	1.0	1.0
OTU_1693	2.0	1.0	1.0	2.0	2.0	0.0	0.0	1.0	0.0
OTU_1554	0.0	1.0	0.0	1.0	0.0	1.0	0.0	1.0	0.0
OTU_918	3.0	1.0	2.0	3.0	3.0	2.0	0.0	1.0	5.0
OTU_1555	0.0	0.0	2.0	0.0	0.0	1.0	0.0	3.0	0.0
OTU_373	2.0	2.0	8.0	1.0	4.0	4.0	0.0	1.0	3.0
OTU_1128	0.0	0.0	2.0	0.0	1.0	1.0	0.0	1.0	0.0
OTU_1409	0.0	1.0	0.0	2.0	0.0	2.0	0.0	2.0	1.0
OTU_1561	1.0	0.0	2.0	1.0	0.0	1.0	0.0	1.0	1.0
OTU_1560	0.0	0.0	1.0	1.0	0.0	0.0	0.0	1.0	0.0
OTU_1559	1.0	0.0	1.0	2.0	0.0	0.0	0.0	1.0	1.0
OTU_1411	0.0	1.0	1.0	2.0	1.0	5.0	0.0	1.0	0.0
OTU_502	7.0	1.0	1.0	1.0	0.0	1.0	0.0	1.0	0.0
OTU_1494	2.0	0.0	0.0	0.0	1.0	1.0	0.0	1.0	2.0
OTU_347	2.0	3.0	5.0	3.0	3.0	5.0	0.0	1.0	4.0
OTU_415	4.0	0.0	3.0	4.0	1.0	3.0	0.0	1.0	1.0
OTU_353	0.0	1.0	0.0	1.0	4.0	4.0	0.0	1.0	3.0
OTU_1557	0.0	0.0	0.0	1.0	0.0	0.0	0.0	1.0	1.0
OTU_1303	1.0	1.0	0.0	0.0	0.0	0.0	0.0	1.0	0.0
OTU_811	1.0	0.0	0.0	2.0	1.0	2.0	0.0	1.0	1.0
OTU_488	0.0	2.0	5.0	2.0	2.0	2.0	0.0	1.0	5.0
OTU_1570	1.0	0.0	0.0	0.0	0.0	0.0	0.0	1.0	3.0
OTU_1133	0.0	0.0	1.0	0.0	1.0	1.0	0.0	1.0	2.0
OTU_1109	0.0	0.0	3.0	0.0	1.0	0.0	0.0	1.0	2.0
OTU_973	3.0	1.0	3.0	1.0	3.0	5.0	0.0	1.0	0.0
OTU_1369	1.0	1.0	3.0	0.0	0.0	1.0	0.0	1.0	1.0
OTU_842	1.0	2.0	2.0	1.0	2.0	1.0	0.0	2.0	4.0
OTU_805	3.0	3.0	6.0	2.0	2.0	2.0	0.0	1.0	3.0
OTU_1549	0.0	1.0	0.0	1.0	1.0	1.0	0.0	1.0	3.0
OTU_1771	1.0	0.0	0.0	1.0	2.0	0.0	0.0	1.0	2.0
OTU_1587	1.0	0.0	2.0	0.0	2.0	1.0	0.0	1.0	1.0
OTU_1687	0.0	0.0	1.0	1.0	0.0	1.0	0.0	1.0	0.0
OTU_1573	1.0	1.0	0.0	0.0	0.0	0.0	0.0	1.0	0.0
OTU_1610	0.0	1.0	5.0	0.0	0.0	1.0	0.0	1.0	1.0
OTU_1149	0.0	0.0	0.0	1.0	1.0	1.0	0.0	1.0	1.0
OTU_903	2.0	0.0	5.0	3.0	6.0	8.0	0.0	1.0	1.0
OTU_1609	2.0	0.0	1.0	1.0	2.0	1.0	0.0	1.0	1.0
OTU_959	2.0	1.0	3.0	0.0	2.0	1.0	0.0	1.0	6.0
OTU_1543	0.0	0.0	0.0	0.0	0.0	0.0	0.0	1.0	1.0
OTU_1544	0.0	0.0	0.0	1.0	0.0	0.0	0.0	1.0	0.0
OTU_1540	1.0	0.0	0.0	0.0	0.0	0.0	0.0	1.0	0.0
OTU_1541	2.0	0.0	2.0	0.0	0.0	0.0	0.0	1.0	2.0
OTU_839	2.0	1.0	1.0	3.0	0.0	1.0	0.0	1.0	2.0
OTU_838	0.0	0.0	0.0	0.0	0.0	0.0	0.0	1.0	5.0
OTU_1464	1.0	4.0	1.0	0.0	1.0	2.0	0.0	1.0	1.0
OTU_1537	0.0	1.0	1.0	1.0	0.0	1.0	0.0	1.0	0.0
OTU_1644	1.0	1.0	1.0	1.0	0.0	0.0	0.0	1.0	1.0
OTU_865	0.0	0.0	2.0	1.0	2.0	2.0	0.0	0.0	2.0
OTU_911	1.0	0.0	3.0	3.0	6.0	0.0	0.0	0.0	2.0
OTU_1393	0.0	1.0	0.0	1.0	3.0	0.0	0.0	0.0	2.0
OTU_1204	0.0	0.0	0.0	0.0	1.0	1.0	0.0	0.0	1.0
OTU_1528	2.0	1.0	1.0	1.0	0.0	0.0	0.0	0.0	5.0
OTU_1265	1.0	1.0	7.0	1.0	0.0	0.0	0.0	0.0	1.0
OTU_1146	0.0	0.0	0.0	2.0	0.0	1.0	0.0	0.0	1.0
OTU_978	2.0	2.0	5.0	5.0	2.0	1.0	0.0	0.0	5.0
OTU_954	3.0	0.0	1.0	1.0	0.0	2.0	0.0	0.0	2.0
OTU_1252	0.0	0.0	1.0	0.0	2.0	1.0	0.0	0.0	2.0
OTU_841	3.0	1.0	2.0	3.0	3.0	4.0	0.0	0.0	2.0
OTU_582	1.0	1.0	3.0	3.0	1.0	1.0	0.0	0.0	1.0
OTU_1515	2.0	0.0	0.0	0.0	2.0	1.0	0.0	0.0	3.0
OTU_736	1.0	0.0	4.0	0.0	3.0	0.0	0.0	0.0	2.0
OTU_1598	1.0	1.0	2.0	1.0	1.0	0.0	0.0	0.0	3.0
OTU_1597	1.0	0.0	0.0	0.0	0.0	0.0	0.0	0.0	1.0
OTU_1591	0.0	0.0	0.0	1.0	0.0	1.0	0.0	0.0	1.0
OTU_1310	1.0	0.0	2.0	1.0	0.0	0.0	0.0	0.0	1.0
OTU_1592	0.0	0.0	1.0	0.0	0.0	0.0	0.0	0.0	1.0
OTU_941	0.0	0.0	0.0	1.0	2.0	1.0	0.0	0.0	2.0
OTU_1307	1.0	2.0	2.0	2.0	0.0	2.0	0.0	0.0	1.0
OTU_1412	1.0	0.0	1.0	1.0	0.0	1.0	0.0	0.0	3.0
OTU_1180	0.0	0.0	0.0	1.0	3.0	1.0	0.0	0.0	1.0
OTU_1615	1.0	0.0	0.0	1.0	0.0	1.0	0.0	0.0	1.0
OTU_837	1.0	0.0	2.0	0.0	1.0	1.0	0.0	0.0	1.0
OTU_1601	1.0	1.0	0.0	0.0	0.0	0.0	0.0	0.0	1.0
OTU_948	1.0	0.0	5.0	3.0	1.0	2.0	0.0	0.0	2.0
OTU_1578	0.0	0.0	0.0	0.0	0.0	1.0	0.0	0.0	2.0
OTU_1580	3.0	0.0	1.0	1.0	2.0	0.0	0.0	0.0	2.0
OTU_859	0.0	0.0	0.0	5.0	7.0	4.0	0.0	0.0	1.0
OTU_1189	0.0	1.0	0.0	0.0	1.0	0.0	0.0	0.0	1.0
OTU_706	3.0	2.0	1.0	1.0	1.0	1.0	0.0	0.0	2.0
OTU_1581	0.0	0.0	0.0	1.0	1.0	0.0	0.0	0.0	1.0
OTU_1343	0.0	2.0	4.0	2.0	3.0	2.0	0.0	0.0	4.0
OTU_1576	1.0	1.0	0.0	0.0	1.0	0.0	0.0	0.0	2.0
OTU_1269	2.0	0.0	2.0	0.0	1.0	2.0	0.0	0.0	2.0
OTU_563	3.0	2.0	1.0	1.0	1.0	1.0	0.0	0.0	3.0
OTU_1588	0.0	0.0	0.0	0.0	0.0	0.0	0.0	0.0	2.0
OTU_1589	0.0	0.0	0.0	0.0	0.0	0.0	0.0	0.0	2.0
OTU_1481	1.0	0.0	4.0	1.0	0.0	0.0	0.0	0.0	2.0
OTU_449	7.0	3.0	2.0	1.0	2.0	1.0	0.0	0.0	2.0
OTU_1583	0.0	1.0	2.0	2.0	1.0	0.0	0.0	0.0	1.0
OTU_1366	2.0	1.0	0.0	0.0	1.0	1.0	0.0	0.0	1.0
OTU_1233	1.0	1.0	1.0	0.0	1.0	0.0	0.0	0.0	2.0
OTU_1482	0.0	0.0	0.0	1.0	0.0	0.0	0.0	0.0	1.0
OTU_950	0.0	0.0	0.0	1.0	1.0	1.0	0.0	0.0	1.0
OTU_1647	1.0	0.0	0.0	5.0	1.0	1.0	0.0	0.0	2.0
OTU_1493	1.0	0.0	3.0	0.0	3.0	0.0	0.0	0.0	1.0
OTU_1157	1.0	0.0	0.0	1.0	1.0	0.0	0.0	0.0	1.0
OTU_1492	1.0	0.0	0.0	0.0	0.0	0.0	0.0	0.0	1.0
OTU_1433	2.0	2.0	0.0	0.0	0.0	0.0	0.0	0.0	1.0
OTU_1486	0.0	0.0	1.0	0.0	0.0	0.0	0.0	0.0	1.0
OTU_1306	2.0	2.0	8.0	4.0	2.0	3.0	0.0	0.0	1.0
OTU_819	2.0	3.0	2.0	1.0	0.0	1.0	0.0	0.0	2.0
OTU_1459	0.0	1.0	0.0	0.0	0.0	0.0	0.0	0.0	2.0
OTU_1205	0.0	0.0	0.0	0.0	3.0	1.0	0.0	0.0	1.0
OTU_1441	0.0	0.0	3.0	3.0	4.0	1.0	0.0	0.0	1.0
OTU_726	4.0	0.0	4.0	2.0	0.0	1.0	0.0	0.0	2.0
OTU_1458	0.0	0.0	0.0	0.0	2.0	0.0	0.0	0.0	1.0
OTU_1734	0.0	0.0	1.0	1.0	1.0	0.0	0.0	0.0	1.0
OTU_542	2.0	1.0	1.0	5.0	6.0	4.0	0.0	0.0	3.0
OTU_1212	0.0	0.0	0.0	5.0	5.0	3.0	0.0	0.0	3.0
OTU_947	0.0	0.0	3.0	0.0	2.0	0.0	0.0	0.0	1.0
OTU_1470	0.0	0.0	0.0	2.0	1.0	0.0	0.0	0.0	1.0
OTU_356	4.0	2.0	2.0	10.0	3.0	1.0	0.0	0.0	1.0
OTU_1346	2.0	0.0	0.0	0.0	0.0	0.0	0.0	0.0	1.0
OTU_1466	1.0	0.0	0.0	0.0	1.0	0.0	0.0	0.0	1.0
OTU_1322	0.0	0.0	3.0	0.0	2.0	1.0	0.0	0.0	1.0
OTU_1468	1.0	0.0	1.0	0.0	1.0	0.0	0.0	0.0	1.0
OTU_1254	1.0	0.0	1.0	2.0	4.0	4.0	0.0	0.0	2.0
OTU_1714	0.0	5.0	1.0	0.0	2.0	2.0	0.0	0.0	2.0
OTU_1465	0.0	1.0	0.0	0.0	0.0	2.0	0.0	0.0	1.0
OTU_1527	0.0	0.0	0.0	0.0	0.0	0.0	0.0	0.0	2.0
OTU_1690	1.0	1.0	2.0	2.0	5.0	4.0	0.0	0.0	2.0
OTU_1176	1.0	0.0	1.0	1.0	2.0	1.0	0.0	0.0	2.0
OTU_1621	1.0	0.0	0.0	1.0	2.0	2.0	0.0	0.0	1.0
OTU_1436	2.0	0.0	0.0	0.0	0.0	1.0	0.0	0.0	1.0
OTU_1520	0.0	0.0	0.0	0.0	2.0	0.0	0.0	0.0	1.0
OTU_976	1.0	0.0	1.0	1.0	3.0	1.0	0.0	0.0	3.0
OTU_1769	4.0	2.0	3.0	2.0	3.0	2.0	0.0	0.0	2.0
OTU_1524	0.0	1.0	0.0	2.0	1.0	1.0	0.0	0.0	1.0
OTU_1447	2.0	1.0	3.0	1.0	2.0	1.0	0.0	0.0	4.0
OTU_653	2.0	2.0	5.0	0.0	2.0	2.0	0.0	0.0	1.0
OTU_932	1.0	3.0	3.0	2.0	4.0	1.0	0.0	0.0	1.0
OTU_614	3.0	2.0	2.0	3.0	4.0	3.0	0.0	0.0	1.0
OTU_1271	1.0	0.0	1.0	0.0	1.0	0.0	0.0	0.0	1.0
OTU_1506	0.0	0.0	0.0	1.0	0.0	0.0	0.0	0.0	1.0
OTU_1499	0.0	0.0	1.0	0.0	0.0	0.0	0.0	0.0	1.0
OTU_1495	0.0	1.0	0.0	0.0	0.0	0.0	0.0	0.0	1.0
OTU_1341	0.0	1.0	1.0	1.0	0.0	0.0	0.0	0.0	1.0
OTU_977	0.0	0.0	0.0	2.0	2.0	3.0	0.0	0.0	1.0
OTU_890	4.0	0.0	3.0	2.0	1.0	0.0	0.0	0.0	3.0
OTU_894	0.0	1.0	1.0	1.0	0.0	0.0	0.0	0.0	2.0
OTU_1137	1.0	2.0	0.0	0.0	2.0	1.0	0.0	0.0	1.0
OTU_1125	1.0	0.0	3.0	1.0	2.0	1.0	0.0	0.0	1.0
OTU_965	1.0	0.0	1.0	1.0	2.0	1.0	0.0	0.0	1.0
OTU_1145	2.0	1.0	1.0	0.0	1.0	2.0	0.0	0.0	1.0
OTU_961	0.0	2.0	0.0	1.0	1.0	0.0	0.0	0.0	1.0
OTU_729	4.0	1.0	2.0	1.0	1.0	3.0	0.0	0.0	2.0
OTU_814	2.0	0.0	1.0	0.0	2.0	3.0	0.0	0.0	1.0
OTU_1772	0.0	0.0	0.0	0.0	0.0	1.0	0.0	0.0	2.0
OTU_1722	0.0	0.0	1.0	0.0	0.0	0.0	0.0	0.0	1.0
OTU_1717	0.0	0.0	1.0	1.0	0.0	0.0	0.0	0.0	1.0
OTU_1724	0.0	0.0	0.0	0.0	0.0	3.0	0.0	0.0	1.0
OTU_1753	2.0	0.0	1.0	3.0	3.0	1.0	0.0	0.0	2.0
OTU_884	0.0	2.0	2.0	2.0	2.0	2.0	0.0	0.0	1.0
OTU_879	3.0	1.0	1.0	1.0	0.0	0.0	0.0	0.0	1.0
OTU_1700	0.0	0.0	0.0	0.0	1.0	1.0	0.0	0.0	1.0
OTU_871	0.0	0.0	2.0	6.0	2.0	6.0	0.0	0.0	1.0
OTU_1696	0.0	0.0	2.0	1.0	0.0	1.0	0.0	0.0	1.0
OTU_888	1.0	0.0	1.0	2.0	2.0	0.0	0.0	0.0	2.0
OTU_1315	0.0	0.0	4.0	1.0	1.0	0.0	0.0	0.0	1.0
OTU_886	1.0	1.0	3.0	1.0	3.0	0.0	0.0	0.0	1.0
OTU_1711	1.0	1.0	0.0	0.0	0.0	0.0	0.0	0.0	1.0
OTU_1630	0.0	1.0	2.0	2.0	0.0	1.0	0.0	0.0	1.0
OTU_1708	0.0	0.0	1.0	0.0	3.0	0.0	0.0	0.0	3.0
OTU_1705	5.0	1.0	2.0	0.0	1.0	0.0	0.0	0.0	1.0
OTU_901	0.0	0.0	0.0	2.0	1.0	5.0	0.0	0.0	1.0
OTU_1754	0.0	0.0	1.0	0.0	0.0	0.0	0.0	0.0	1.0
OTU_895	2.0	0.0	3.0	4.0	2.0	1.0	0.0	0.0	2.0
OTU_1113	1.0	1.0	2.0	2.0	3.0	2.0	0.0	0.0	1.0
OTU_1357	3.0	1.0	1.0	3.0	1.0	1.0	0.0	0.0	1.0
OTU_1335	0.0	0.0	2.0	0.0	1.0	0.0	0.0	0.0	1.0
OTU_1761	0.0	2.0	0.0	1.0	0.0	1.0	0.0	0.0	1.0
OTU_915	1.0	0.0	0.0	1.0	1.0	3.0	0.0	0.0	1.0
OTU_1663	1.0	0.0	0.0	1.0	0.0	0.0	0.0	0.0	1.0
OTU_1745	0.0	0.0	1.0	2.0	2.0	2.0	0.0	0.0	1.0
OTU_1422	1.0	2.0	0.0	1.0	1.0	1.0	0.0	0.0	1.0
OTU_1416	2.0	1.0	4.0	2.0	1.0	3.0	0.0	0.0	1.0
OTU_1227	1.0	1.0	1.0	5.0	2.0	1.0	0.0	0.0	0.0
OTU_747	1.0	1.0	1.0	6.0	5.0	1.0	0.0	0.0	0.0
OTU_1347	1.0	1.0	0.0	1.0	0.0	1.0	0.0	0.0	0.0
OTU_1417	0.0	1.0	0.0	1.0	2.0	1.0	0.0	0.0	0.0
OTU_930	2.0	0.0	4.0	2.0	4.0	0.0	0.0	0.0	0.0
OTU_1456	2.0	1.0	1.0	2.0	1.0	1.0	0.0	0.0	0.0
OTU_1282	8.0	1.0	11.0	2.0	0.0	0.0	0.0	0.0	0.0
OTU_1633	0.0	0.0	2.0	4.0	2.0	0.0	0.0	0.0	0.0
OTU_944	2.0	4.0	0.0	1.0	0.0	0.0	0.0	0.0	0.0
OTU_1228	0.0	0.0	0.0	4.0	3.0	2.0	0.0	0.0	0.0
OTU_1216	0.0	0.0	1.0	1.0	2.0	0.0	0.0	0.0	0.0
OTU_1688	3.0	0.0	0.0	3.0	0.0	1.0	0.0	0.0	0.0
OTU_1648	0.0	0.0	0.0	2.0	1.0	1.0	0.0	0.0	0.0
OTU_1691	0.0	0.0	2.0	2.0	0.0	1.0	0.0	0.0	0.0
OTU_1652	0.0	0.0	0.0	2.0	0.0	0.0	0.0	0.0	0.0
OTU_1649	0.0	1.0	0.0	1.0	0.0	0.0	0.0	0.0	0.0
OTU_1163	0.0	0.0	0.0	2.0	3.0	0.0	0.0	0.0	0.0
OTU_1186	0.0	1.0	2.0	3.0	2.0	0.0	0.0	0.0	0.0
OTU_1643	0.0	0.0	0.0	2.0	0.0	2.0	0.0	0.0	0.0
OTU_1695	1.0	0.0	2.0	3.0	2.0	0.0	0.0	0.0	0.0
OTU_1642	0.0	0.0	0.0	1.0	2.0	0.0	0.0	0.0	0.0
OTU_1645	1.0	0.0	2.0	2.0	2.0	2.0	0.0	0.0	0.0
OTU_907	0.0	0.0	0.0	4.0	1.0	1.0	0.0	0.0	0.0
OTU_1427	1.0	0.0	0.0	1.0	0.0	1.0	0.0	0.0	0.0
OTU_1614	0.0	1.0	0.0	2.0	1.0	0.0	0.0	0.0	0.0
OTU_898	1.0	0.0	0.0	1.0	1.0	0.0	0.0	0.0	0.0
OTU_1616	1.0	0.0	2.0	1.0	1.0	1.0	0.0	0.0	0.0
OTU_902	0.0	1.0	0.0	2.0	0.0	0.0	0.0	0.0	0.0
OTU_1152	0.0	0.0	0.0	6.0	5.0	1.0	0.0	0.0	0.0
OTU_1628	0.0	0.0	0.0	2.0	0.0	0.0	0.0	0.0	0.0
OTU_1365	1.0	2.0	2.0	2.0	1.0	2.0	0.0	0.0	0.0
OTU_1222	0.0	0.0	1.0	1.0	1.0	0.0	0.0	0.0	0.0
OTU_601	2.0	1.0	3.0	2.0	4.0	2.0	0.0	0.0	0.0
OTU_1620	0.0	0.0	2.0	1.0	1.0	1.0	0.0	0.0	0.0
OTU_1684	0.0	0.0	0.0	2.0	0.0	1.0	0.0	0.0	0.0
OTU_956	0.0	1.0	0.0	1.0	3.0	2.0	0.0	0.0	0.0
OTU_1439	2.0	1.0	2.0	2.0	2.0	1.0	0.0	0.0	0.0
OTU_926	0.0	0.0	1.0	3.0	3.0	0.0	0.0	0.0	0.0
OTU_1107	1.0	0.0	0.0	1.0	2.0	0.0	0.0	0.0	0.0
OTU_1679	0.0	0.0	0.0	1.0	1.0	0.0	0.0	0.0	0.0
OTU_1196	1.0	0.0	0.0	1.0	1.0	0.0	0.0	0.0	0.0
OTU_1444	1.0	0.0	0.0	1.0	0.0	2.0	0.0	0.0	0.0
OTU_1454	2.0	0.0	1.0	1.0	0.0	1.0	0.0	0.0	0.0
OTU_111	30.0	4.0	24.0	1.0	0.0	0.0	0.0	0.0	0.0
OTU_1694	0.0	1.0	1.0	1.0	0.0	0.0	0.0	0.0	0.0
OTU_1689	0.0	1.0	2.0	1.0	2.0	0.0	0.0	0.0	0.0
OTU_1102	2.0	0.0	2.0	2.0	4.0	0.0	0.0	0.0	0.0
OTU_1370	1.0	0.0	0.0	1.0	0.0	1.0	0.0	0.0	0.0
OTU_1653	2.0	2.0	1.0	2.0	1.0	1.0	0.0	0.0	0.0
OTU_1150	2.0	0.0	1.0	1.0	3.0	1.0	0.0	0.0	0.0
OTU_1286	2.0	0.0	1.0	1.0	2.0	0.0	0.0	0.0	0.0
OTU_1654	0.0	0.0	1.0	1.0	2.0	0.0	0.0	0.0	0.0
OTU_1673	2.0	0.0	0.0	3.0	3.0	2.0	0.0	0.0	0.0
OTU_1671	1.0	2.0	0.0	1.0	0.0	0.0	0.0	0.0	0.0
OTU_1672	0.0	0.0	1.0	3.0	0.0	4.0	0.0	0.0	0.0
OTU_1336	0.0	1.0	4.0	2.0	2.0	1.0	0.0	0.0	0.0
OTU_1668	0.0	0.0	1.0	1.0	0.0	0.0	0.0	0.0	0.0
OTU_1670	0.0	2.0	2.0	1.0	1.0	0.0	0.0	0.0	0.0
OTU_1141	1.0	0.0	1.0	2.0	1.0	0.0	0.0	0.0	0.0
OTU_1321	3.0	0.0	2.0	1.0	1.0	0.0	0.0	0.0	0.0
OTU_1197	1.0	0.0	1.0	1.0	2.0	3.0	0.0	0.0	0.0
OTU_1147	0.0	0.0	0.0	1.0	1.0	0.0	0.0	0.0	0.0
OTU_1139	1.0	0.0	1.0	1.0	0.0	0.0	0.0	0.0	0.0
OTU_1406	1.0	0.0	0.0	1.0	0.0	1.0	0.0	0.0	0.0
OTU_686	0.0	2.0	7.0	1.0	0.0	0.0	0.0	0.0	0.0
OTU_1283	1.0	1.0	0.0	1.0	0.0	0.0	0.0	0.0	0.0
OTU_1105	0.0	0.0	0.0	1.0	0.0	1.0	0.0	0.0	0.0
OTU_1435	1.0	1.0	0.0	1.0	0.0	1.0	0.0	0.0	0.0
OTU_1243	0.0	0.0	3.0	1.0	7.0	0.0	0.0	0.0	0.0
OTU_1276	1.0	0.0	1.0	0.0	1.0	1.0	0.0	0.0	0.0
OTU_1253	0.0	0.0	0.0	0.0	1.0	1.0	0.0	0.0	0.0
OTU_972	2.0	0.0	1.0	0.0	3.0	2.0	0.0	0.0	0.0
OTU_1455	2.0	0.0	3.0	0.0	2.0	1.0	0.0	0.0	0.0
OTU_1153	0.0	0.0	2.0	0.0	2.0	0.0	0.0	0.0	0.0
OTU_1183	0.0	0.0	0.0	0.0	3.0	0.0	0.0	0.0	0.0
OTU_1316	1.0	1.0	2.0	0.0	1.0	0.0	0.0	0.0	0.0
OTU_1237	1.0	1.0	0.0	0.0	2.0	0.0	0.0	0.0	0.0
OTU_983	1.0	0.0	7.0	0.0	2.0	0.0	0.0	0.0	0.0
OTU_1198	2.0	0.0	1.0	0.0	3.0	2.0	0.0	0.0	0.0
OTU_828	0.0	1.0	1.0	0.0	4.0	1.0	0.0	0.0	0.0
OTU_934	3.0	1.0	0.0	0.0	1.0	0.0	0.0	0.0	0.0
OTU_1184	0.0	0.0	0.0	0.0	1.0	1.0	0.0	0.0	0.0
OTU_1426	3.0	0.0	1.0	0.0	1.0	1.0	0.0	0.0	0.0
OTU_1194	0.0	0.0	0.0	0.0	2.0	0.0	0.0	0.0	0.0
OTU_1235	0.0	0.0	1.0	0.0	1.0	4.0	0.0	0.0	0.0
OTU_1238	0.0	0.0	1.0	0.0	2.0	0.0	0.0	0.0	0.0
OTU_1232	0.0	0.0	1.0	0.0	1.0	0.0	0.0	0.0	0.0
OTU_1251	0.0	1.0	1.0	0.0	2.0	0.0	0.0	0.0	0.0
OTU_1394	0.0	1.0	0.0	0.0	1.0	2.0	0.0	0.0	0.0
OTU_1378	1.0	1.0	3.0	0.0	3.0	3.0	0.0	0.0	0.0
OTU_1242	0.0	0.0	0.0	0.0	1.0	1.0	0.0	0.0	0.0
OTU_1131	0.0	0.0	1.0	0.0	2.0	0.0	0.0	0.0	0.0
OTU_1380	0.0	0.0	1.0	0.0	2.0	1.0	0.0	0.0	0.0
OTU_1219	0.0	0.0	1.0	0.0	1.0	0.0	0.0	0.0	0.0
OTU_1126	0.0	0.0	2.0	0.0	1.0	0.0	0.0	0.0	0.0
OTU_840	0.0	0.0	3.0	0.0	1.0	0.0	0.0	0.0	0.0
OTU_1114	1.0	0.0	0.0	0.0	1.0	0.0	0.0	0.0	0.0
OTU_1418	0.0	0.0	1.0	0.0	1.0	1.0	0.0	0.0	0.0
OTU_1345	0.0	2.0	0.0	0.0	1.0	1.0	0.0	0.0	0.0
OTU_1309	1.0	0.0	1.0	0.0	1.0	0.0	0.0	0.0	0.0
OTU_1142	1.0	0.0	0.0	0.0	1.0	0.0	0.0	0.0	0.0
OTU_1108	0.0	0.0	1.0	0.0	1.0	0.0	0.0	0.0	0.0
OTU_1118	1.0	0.0	0.0	0.0	2.0	2.0	0.0	0.0	0.0
OTU_1398	0.0	0.0	1.0	0.0	1.0	0.0	0.0	0.0	0.0
OTU_1288	2.0	0.0	0.0	0.0	1.0	0.0	0.0	0.0	0.0
OTU_1407	1.0	0.0	0.0	0.0	0.0	1.0	0.0	0.0	0.0
OTU_1387	0.0	0.0	0.0	0.0	0.0	3.0	0.0	0.0	0.0
OTU_1384	2.0	0.0	0.0	0.0	0.0	1.0	0.0	0.0	0.0
OTU_1382	0.0	1.0	0.0	0.0	0.0	4.0	0.0	0.0	0.0
OTU_1381	1.0	0.0	1.0	0.0	0.0	1.0	0.0	0.0	0.0
OTU_1449	1.0	0.0	0.0	0.0	0.0	1.0	0.0	0.0	0.0
OTU_1327	2.0	0.0	2.0	0.0	0.0	1.0	0.0	0.0	0.0
OTU_1420	0.0	0.0	1.0	0.0	0.0	1.0	0.0	0.0	0.0
OTU_1428	0.0	0.0	2.0	0.0	0.0	1.0	0.0	0.0	0.0
OTU_1293	9.0	1.0	1.0	0.0	0.0	1.0	0.0	0.0	0.0
OTU_1353	3.0	0.0	5.0	0.0	0.0	0.0	0.0	0.0	0.0
OTU_355	9.0	3.0	8.0	0.0	0.0	0.0	0.0	0.0	0.0
OTU_1297	6.0	0.0	0.0	0.0	0.0	0.0	0.0	0.0	0.0
OTU_1298	2.0	0.0	2.0	0.0	0.0	0.0	0.0	0.0	0.0
OTU_1295	2.0	0.0	0.0	0.0	0.0	0.0	0.0	0.0	0.0
OTU_1289	1.0	0.0	1.0	0.0	0.0	0.0	0.0	0.0	0.0
OTU_1287	1.0	0.0	1.0	0.0	0.0	0.0	0.0	0.0	0.0
OTU_1290	2.0	0.0	0.0	0.0	0.0	0.0	0.0	0.0	0.0
OTU_1304	1.0	0.0	2.0	0.0	0.0	0.0	0.0	0.0	0.0
OTU_1318	1.0	0.0	2.0	0.0	0.0	0.0	0.0	0.0	0.0
OTU_1300	2.0	0.0	2.0	0.0	0.0	0.0	0.0	0.0	0.0
OTU_1302	1.0	1.0	1.0	0.0	0.0	0.0	0.0	0.0	0.0
OTU_1264	2.0	0.0	0.0	0.0	0.0	0.0	0.0	0.0	0.0
OTU_1262	2.0	0.0	0.0	0.0	0.0	0.0	0.0	0.0	0.0
OTU_1257	5.0	1.0	2.0	0.0	0.0	0.0	0.0	0.0	0.0
OTU_719	4.0	2.0	2.0	0.0	0.0	0.0	0.0	0.0	0.0
OTU_1279	1.0	0.0	1.0	0.0	0.0	0.0	0.0	0.0	0.0
OTU_1272	1.0	0.0	1.0	0.0	0.0	0.0	0.0	0.0	0.0
OTU_1274	1.0	1.0	1.0	0.0	0.0	0.0	0.0	0.0	0.0
OTU_1361	0.0	2.0	1.0	0.0	0.0	0.0	0.0	0.0	0.0
OTU_1317	0.0	0.0	2.0	0.0	0.0	0.0	0.0	0.0	0.0
OTU_1333	0.0	0.0	5.0	0.0	0.0	0.0	0.0	0.0	0.0
OTU_1340	0.0	0.0	2.0	0.0	0.0	0.0	0.0	0.0	0.0
OTU_1339	0.0	0.0	2.0	0.0	0.0	0.0	0.0	0.0	0.0
OTU_1329	0.0	0.0	2.0	0.0	0.0	0.0	0.0	0.0	0.0
